-6.027054786682128906e-01,2.174685239791870117e+00,1.015025138854980469e+00,-1.478831004351377487e-02,-5.541979074478149414e-01,-3.584706187248229980e-01,-6.434115767478942871e-01,6.754821166396141052e-03,7.679701447486877441e-01,3.850364983081817627e-01,8.120473623275756836e-01,-1.762622475624084473e+00,-1.194064691662788391e-02,2.422421276569366455e-01,-6.336675882339477539e-01,1.235094308853149414e+00,3.842806220054626465e-01,3.857484757900238037e-01,6.449721455574035645e-01,1.409203052520751953e+00,1.244613528251647949e+00,-5.353807210922241211e-01,-4.344720840454101562e-01,-1.174431085586547852e+00,1.335809707641601562e+00,-1.643135428428649902e+00,9.217636585235595703e-01,-3.824203042313456535e-03,6.713045388460159302e-02,-4.604202136397361755e-02,1.451456665992736816e+00,-1.253030896186828613e+00,4.543910026550292969e-01,8.188489675521850586e-01,-3.780769109725952148e-01,-1.441278576850891113e+00,9.216456413269042969e-01,2.315543144941329956e-01,1.231697559356689453e+00,4.539705514907836914e-01,9.055249691009521484e-01,-1.465900987386703491e-02,-8.722952008247375488e-01,-1.493976414203643799e-01,7.968899607658386230e-01,-1.046483755111694336e+00,-2.454039007425308228e-01,-2.228554636240005493e-01,1.031980037689208984e+00,-1.593082547187805176e+00,1.318064451217651367e+00,4.347214102745056152e-01,-5.569674968719482422e-01,-4.122302532196044922e-01,5.084039568901062012e-01,7.073448300361633301e-01,-1.669514775276184082e-01,1.683644056320190430e+00,-1.202834486961364746e+00,-8.614801168441772461e-01,-5.004219412803649902e-01,2.174414396286010742e+00,-1.457262039184570312e+00,1.597404003143310547e+00,4.648234546184539795e-01,1.382809877395629883e+00,-3.591884076595306396e-01,3.888648450374603271e-01,-8.282613158226013184e-01,-4.444550275802612305e-01,-8.039400726556777954e-02,5.209596157073974609e-01,-7.156752943992614746e-01,1.974883794784545898e+00,5.227685570716857910e-01,1.731477230787277222e-01,-1.100324749946594238e+00,-5.170927047729492188e-01,-7.641693353652954102e-01,3.850779533386230469e+00,-7.494129985570907593e-02,5.353688001632690430e-01,-8.204174786806106567e-02,6.449337005615234375e-01,-7.464622259140014648e-01,-1.491978764533996582e+00,9.863603711128234863e-01,2.534897327423095703e+00,-1.367566585540771484e+00,1.435120850801467896e-01,-1.183505058288574219e-01,9.716591984033584595e-02,4.613379836082458496e-01,-8.074424266815185547e-01,-3.697788417339324951e-01,-6.490626931190490723e-01,7.056246977299451828e-03,4.435616731643676758e-01,8.867087960243225098e-01,2.628180265426635742e+00,7.744030095636844635e-03,-1.351948380470275879e-01,8.612922430038452148e-01,1.136920526623725891e-01,-9.650175571441650391e-01,-1.294447898864746094e+00,-5.807372331619262695e-01,1.714589446783065796e-01,1.326645463705062866e-01,-3.352198362350463867e+00,-1.728309988975524902e+00,-2.054958641529083252e-01,2.311812043190002441e-01,-7.972951233386993408e-02,1.586934030055999756e-01,-1.107907891273498535e+00,-2.624328613281250000e+00,-2.082214802503585815e-01,-3.344451189041137695e-01,-2.158339977264404297e+00,-4.045711159706115723e-01,-4.552591145038604736e-01,-7.163034677505493164e-01,-5.014632344245910645e-01,-1.045529127120971680e+00,9.206788539886474609e-01,1.211917400360107422e+00,-2.961029410362243652e-01,-1.916129231452941895e+00,5.173462629318237305e-01,-1.217802524566650391e+00,-3.863705098628997803e-01,-1.797102242708206177e-01,-1.593919545412063599e-01,-1.279696941375732422e+00,3.993882238864898682e-02,-2.422393560409545898e-01,-1.134058237075805664e+00,1.775449812412261963e-01,1.032174155116081238e-01,4.607400596141815186e-01,8.050472736358642578e-01,-3.345883190631866455e-01,4.316009879112243652e-01,1.136200666427612305e+00,2.513935327529907227e+00,-1.150176525115966797e+00,7.485368847846984863e-01,-1.257558345794677734e+00,1.348012328147888184e+00,-9.211906790733337402e-01,-1.141395449638366699e+00,5.647797584533691406e-01,6.346367001533508301e-01,1.732055783271789551e+00,3.646690398454666138e-02,2.960336804389953613e-01,-6.271098256111145020e-01,-1.995658874511718750e+00,4.531992077827453613e-01,2.332614734768867493e-02,-8.391779661178588867e-02,-5.554546713829040527e-01,-6.559929847717285156e-01,-7.738488912582397461e-02,-1.024968504905700684e+00,-1.273293197154998779e-01,-9.712303280830383301e-01,-1.265571475028991699e+00,1.474898695945739746e+00,-3.513056337833404541e-01,4.459442198276519775e-01,-1.306188702583312988e+00,-1.678850769996643066e+00,4.478836059570312500e-01,-6.221113801002502441e-01,-2.305386543273925781e+00,1.136034250259399414e+00,-6.134392619132995605e-01,-1.279668092727661133e+00,-3.877005279064178467e-01,2.210558205842971802e-01,1.551016926765441895e+00,-1.056723475456237793e+00,2.237333774566650391e+00,-2.741387188434600830e-01,-1.161145806312561035e+00,-1.002449035644531250e+00,-4.362843334674835205e-01,5.057533979415893555e-01,1.136268228292465210e-01,4.441895782947540283e-01,1.852068603038787842e-01,-5.569029450416564941e-01,1.672348976135253906e+00,-5.872540548443794250e-02,1.765821576118469238e-01,-1.247843146324157715e+00,-8.859116435050964355e-01,-7.476859092712402344e-01
8.979778289794921875e-01,-9.950563311576843262e-01,-4.772621393203735352e-01,9.440013170242309570e-01,3.474591299891471863e-02,-1.570965290069580078e+00,3.430707007646560669e-02,4.896271526813507080e-01,1.772025465965270996e+00,5.721430182456970215e-01,-2.002026557922363281e+00,2.599495947360992432e-01,-2.365737199783325195e+00,-1.795597791671752930e+00,7.320621609687805176e-01,2.247775077819824219e+00,2.150877267122268677e-01,1.172215461730957031e+00,1.369649767875671387e-01,-9.444467425346374512e-01,-1.328337073326110840e+00,-1.003724694252014160e+00,1.897831320762634277e+00,1.448099970817565918e+00,1.639976620674133301e+00,-8.193225264549255371e-01,-5.602571964263916016e-01,2.362067937850952148e+00,1.651839166879653931e-01,-6.688877344131469727e-01,6.363689303398132324e-01,-3.944514393806457520e-01,-7.306953668594360352e-01,6.984246969223022461e-01,1.177081465721130371e+00,-8.943778276443481445e-02,-8.291388750076293945e-01,2.319604158401489258e+00,-1.935703396797180176e+00,9.526091814041137695e-02,1.640165090560913086e+00,3.577633202075958252e-01,2.204393446445465088e-01,1.450506806373596191e+00,-3.338473141193389893e-01,2.918694913387298584e-01,-9.423038959503173828e-01,7.128623127937316895e-01,7.466901540756225586e-01,-1.083070158958435059e+00,2.496361583471298218e-01,1.939611792564392090e+00,2.510089874267578125e+00,9.669938683509826660e-01,-3.839309215545654297e-01,1.746431469917297363e+00,-6.150882244110107422e-01,-7.699330449104309082e-01,1.024817109107971191e+00,-2.712192535400390625e-01,4.593859016895294189e-01,-1.824326992034912109e+00,-9.407499432563781738e-01,-1.155589818954467773e-01,-1.986478209495544434e+00,-1.512292146682739258e+00,5.900411605834960938e-01,-8.120524287223815918e-01,-5.438207387924194336e-01,2.220818996429443359e-01,-1.567144095897674561e-01,-1.765621066093444824e+00,-8.957630991935729980e-01,-1.382167100906372070e+00,-3.521248996257781982e-01,3.027841150760650635e-01,-1.280795633792877197e-01,-4.864063486456871033e-02,-2.777659595012664795e-01,7.836367487907409668e-01,-2.546756863594055176e-01,7.078539133071899414e-01,-4.648373126983642578e-01,-1.973764538764953613e+00,1.734590381383895874e-01,-8.617206811904907227e-01,-2.711629867553710938e-02,-1.024272441864013672e-01,-1.692731142044067383e+00,3.329410851001739502e-01,1.294803261756896973e+00,-3.233555257320404053e-01,-1.598253488540649414e+00,-1.091657042503356934e+00,3.757073730230331421e-02,-1.248700261116027832e+00,2.379014790058135986e-01,-2.347932010889053345e-01,1.641326785087585449e+00,1.854589581489562988e-02,1.007019951939582825e-01,-1.639256030321121216e-01,8.627269268035888672e-01,1.262182354927062988e+00,2.595236301422119141e-01,6.647144258022308350e-02,-5.831804275512695312e-01,7.736287713050842285e-01,1.334203481674194336e-01,-2.899809181690216064e-01,-1.590129852294921875e+00,8.560407161712646484e-01,-3.000991046428680420e-01,7.952086329460144043e-01,1.035329699516296387e+00,-1.555292755365371704e-01,2.935771942138671875e-01,-3.556834459304809570e-01,-6.408975720405578613e-01,9.403458237648010254e-02,-1.970730900764465332e+00,-4.095568060874938965e-01,-6.599190235137939453e-01,-3.011875152587890625e-01,-2.817426621913909912e-01,-4.876701235771179199e-01,8.026169538497924805e-01,-3.925614058971405029e-01,1.858824610710144043e+00,1.770087957382202148e+00,-8.401815779507160187e-03,-9.272547364234924316e-01,-7.412679195404052734e-01,-7.967239618301391602e-01,4.127668738365173340e-01,-6.374076604843139648e-01,-9.511178135871887207e-01,-2.498267740011215210e-01,6.177153065800666809e-02,-1.664065957069396973e+00,-7.499780058860778809e-01,5.100518465042114258e-01,1.874587059020996094e+00,-8.656001091003417969e-01,-1.544314503669738770e+00,-2.646290659904479980e-01,-6.132282614707946777e-01,6.845774650573730469e-01,-2.026054710149765015e-01,5.867210030555725098e-01,8.427658677101135254e-01,1.068668961524963379e+00,1.335025787353515625e+00,4.512354731559753418e-01,1.389014363288879395e+00,-1.955807328224182129e+00,5.954042673110961914e-01,2.668994963169097900e-01,-9.939637780189514160e-01,7.054270505905151367e-01,6.585167646408081055e-01,-7.825056314468383789e-01,1.466808557510375977e+00,-6.696911156177520752e-02,1.006618976593017578e+00,7.327032089233398438e-02,-1.244322299957275391e+00,-6.733135581016540527e-01,2.734947800636291504e-01,2.194985747337341309e-01,2.032874822616577148e-01,7.193475961685180664e-02,-7.502558231353759766e-01,-1.358847379684448242e+00,3.024082183837890625e-01,9.359292984008789062e-01,-5.303769707679748535e-01,1.684153378009796143e-01,6.200494766235351562e-01,1.306404352188110352e+00,-7.449309229850769043e-01,-3.479599952697753906e-01,-3.801818788051605225e-01,-1.354730725288391113e+00,1.550353318452835083e-01,1.167846083641052246e+00,-7.767314463853836060e-02,1.372347831726074219e+00,-2.828512430191040039e+00,1.443941235542297363e+00,-1.094629764556884766e+00,1.521171927452087402e+00,-5.400145053863525391e-01,-1.589125037193298340e+00,1.370691299438476562e+00,1.804367184638977051e+00,-1.063920140266418457e+00,-1.679146140813827515e-01,-1.632155418395996094e+00,4.200861752033233643e-01
-5.609877705574035645e-01,4.563457071781158447e-01,-5.285915732383728027e-01,2.598955631256103516e-01,4.898629784584045410e-01,1.089834928512573242e+00,-1.361724138259887695e+00,-6.196271777153015137e-01,1.172193169593811035e+00,6.749098300933837891e-01,-1.543205022811889648e+00,1.623944640159606934e+00,5.173264145851135254e-01,2.989391684532165527e-01,-8.570923805236816406e-01,2.800735831260681152e-01,-1.308382391929626465e+00,2.204570770263671875e+00,2.458356916904449463e-01,1.556190550327301025e-01,8.026632666587829590e-01,-9.227012395858764648e-01,-1.595854163169860840e-01,-1.139277338981628418e+00,-3.667305707931518555e-01,-1.790408641099929810e-01,-1.335291743278503418e+00,-2.585367560386657715e-01,2.464071989059448242e+00,2.693022489547729492e-01,1.715695410966873169e-01,5.148731172084808350e-02,-1.090236827731132507e-01,-4.987222254276275635e-01,1.816319942474365234e+00,-2.543350696563720703e+00,-4.652974605560302734e-01,-5.873168110847473145e-01,1.089874148368835449e+00,2.170457094907760620e-01,-5.073931217193603516e-01,1.523809671401977539e+00,-1.026153564453125000e+00,-6.441114544868469238e-01,1.056066989898681641e+00,-2.547654867172241211e+00,8.038399815559387207e-01,1.873128056526184082e+00,-7.953258752822875977e-01,-6.316702961921691895e-01,-3.034811317920684814e-01,1.573387831449508667e-01,-1.497212886810302734e+00,1.602583646774291992e+00,6.050087809562683105e-01,8.994807600975036621e-01,5.569038987159729004e-01,-3.267497420310974121e-01,1.486473560333251953e+00,2.572892427444458008e+00,-1.776534199714660645e+00,-6.214919686317443848e-01,-1.059031248092651367e+00,4.435708373785018921e-02,-9.536424279212951660e-01,-1.083604693412780762e+00,6.230273842811584473e-01,3.184354901313781738e-01,1.570758104324340820e+00,-4.962666034698486328e-01,-1.100910902023315430e+00,-6.952116489410400391e-01,-9.022448062896728516e-01,-9.919608235359191895e-01,7.742216587066650391e-01,-7.598853111267089844e-01,-4.191402792930603027e-01,-1.684291243553161621e+00,-5.591509342193603516e-01,-5.456992387771606445e-01,-1.951140910387039185e-01,3.110593557357788086e-01,3.069706857204437256e-01,-6.414347141981124878e-02,2.041233539581298828e+00,-1.650342464447021484e+00,-4.401450157165527344e-01,1.382527500391006470e-01,-3.044868409633636475e-01,8.095489442348480225e-02,-6.263630837202072144e-02,4.344229698181152344e-01,1.418723911046981812e-01,1.334935903549194336e+00,-1.474166035652160645e+00,4.658087193965911865e-01,-4.456734061241149902e-01,3.539865612983703613e-01,-4.821116328239440918e-01,3.382665216922760010e-01,4.767215549945831299e-01,1.500121355056762695e+00,1.107959270477294922e+00,-3.717884719371795654e-01,2.936221361160278320e-01,-2.868050038814544678e-01,-5.298253893852233887e-01,-4.717901051044464111e-01,1.085476875305175781e+00,2.673969417810440063e-02,-8.624976873397827148e-01,1.179976105690002441e+00,-2.140642881393432617e+00,3.962208926677703857e-01,-1.294903397560119629e+00,4.250898063182830811e-01,2.217025905847549438e-01,-4.189995229244232178e-01,-2.685502171516418457e-01,-3.155235052108764648e-01,9.783598184585571289e-01,4.551418423652648926e-01,-4.361760318279266357e-01,-1.118075609207153320e+00,-1.840241551399230957e+00,3.575699031352996826e-01,8.349376320838928223e-01,8.814729452133178711e-01,-1.381274461746215820e-01,1.192042827606201172e+00,4.150251448154449463e-01,4.802156984806060791e-02,-1.384775519371032715e+00,7.176884412765502930e-01,-6.003026366233825684e-01,9.093195199966430664e-01,3.500056862831115723e-01,4.208932518959045410e-01,3.702682852745056152e-01,-1.754331141710281372e-01,6.021803021430969238e-01,6.660760641098022461e-01,2.933631241321563721e-01,2.502942979335784912e-01,-1.106427192687988281e+00,1.116990763694047928e-02,-2.925585806369781494e-01,-1.465691328048706055e-01,-5.380449891090393066e-01,3.626886010169982910e-01,1.688577055931091309e+00,1.434182047843933105e+00,1.316471338272094727e+00,-7.215332984924316406e-01,1.268396377563476562e+00,5.296661257743835449e-01,9.318189024925231934e-01,3.572293519973754883e-01,-5.899216532707214355e-01,-2.912088930606842041e-01,-6.461762785911560059e-01,-8.507737517356872559e-01,1.330542325973510742e+00,6.384411454200744629e-01,1.059076666831970215e+00,-1.185349702835083008e+00,6.902812123298645020e-01,-1.960298538208007812e+00,-8.067322969436645508e-01,-1.264523863792419434e+00,-2.342769622802734375e+00,3.904078304767608643e-01,-1.942954301834106445e+00,1.078253507614135742e+00,-1.484722375869750977e+00,1.331463217735290527e+00,-7.764998823404312134e-02,3.863917589187622070e-01,9.343305826187133789e-01,-1.740542531013488770e+00,-6.615459322929382324e-01,1.528026815503835678e-02,3.234148323535919189e-01,1.240422606468200684e+00,-1.053697109222412109e+00,-2.182924509048461914e+00,-9.129741787910461426e-01,1.005143404006958008e+00,9.959304332733154297e-02,1.590267300605773926e+00,1.034661233425140381e-01,2.705540418624877930e+00,1.111981511116027832e+00,8.077863454818725586e-01,8.655673265457153320e-01,1.557612657546997070e+00,1.002920031547546387e+00,1.892503261566162109e+00,-1.035149216651916504e+00,1.301371574401855469e+00
-1.026564121246337891e+00,5.467905998229980469e-01,3.970411121845245361e-01,1.233907222747802734e+00,-5.913010835647583008e-01,-8.089044690132141113e-01,-6.302210092544555664e-01,-1.246384739875793457e+00,-1.458669781684875488e+00,-9.310903549194335938e-01,-8.655425310134887695e-01,-4.366653561592102051e-01,5.898894071578979492e-01,-6.824077963829040527e-01,7.843387871980667114e-02,2.976247370243072510e-01,4.919364750385284424e-01,-5.664409399032592773e-01,1.688936710357666016e+00,-1.970627754926681519e-01,-9.856800734996795654e-02,-1.742560982704162598e+00,-8.326696753501892090e-01,-1.228120848536491394e-01,-3.332114517688751221e-01,-8.619654923677444458e-02,1.406610727310180664e+00,-5.131749510765075684e-01,5.118834972381591797e-01,7.679965496063232422e-01,-1.239668250083923340e+00,-1.481668055057525635e-01,6.370371580123901367e-01,2.431732267141342163e-01,1.271083712577819824e+00,7.808366417884826660e-01,9.954202175140380859e-01,-6.515699625015258789e-01,1.715745031833648682e-01,7.016108930110931396e-02,-1.182494044303894043e+00,-2.215287923812866211e+00,1.230855464935302734e+00,-1.113879323005676270e+00,1.301183551549911499e-01,6.068202257156372070e-01,3.318658769130706787e-01,1.216651320457458496e+00,4.179739058017730713e-01,-1.513401031494140625e+00,1.043575525283813477e+00,9.707711935043334961e-01,3.606171309947967529e-01,-6.433497071266174316e-01,2.364141225814819336e+00,1.730572223663330078e+00,-2.117888182401657104e-01,3.434837758541107178e-01,1.591013789176940918e+00,-2.132514476776123047e+00,1.947224617004394531e+00,3.120224475860595703e+00,1.022469997406005859e+00,-4.311371147632598877e-01,-6.027937680482864380e-02,-2.715496718883514404e-01,-4.191564917564392090e-01,2.185765743255615234e+00,1.285164475440979004e+00,-9.934487342834472656e-01,-2.096783965826034546e-01,4.438822269439697266e-01,-3.954952955245971680e-01,1.407725334167480469e+00,1.201091051101684570e+00,-4.053234457969665527e-01,-8.873369097709655762e-01,5.852020978927612305e-01,2.386348009109497070e+00,6.310817003250122070e-01,1.078030824661254883e+00,2.677949368953704834e-01,-1.392792940139770508e+00,7.710779900662600994e-04,-7.787671685218811035e-01,8.592075705528259277e-01,6.918503046035766602e-01,-6.303852796554565430e-01,1.890941977500915527e+00,-4.336622953414916992e-01,3.558559417724609375e-01,3.710903823375701904e-01,1.025480329990386963e-01,-1.466847062110900879e+00,2.181390523910522461e+00,9.477406740188598633e-01,9.994849562644958496e-01,9.110690653324127197e-02,3.071546852588653564e-01,1.778104752302169800e-01,-6.632339358329772949e-01,4.799006134271621704e-02,-8.801611661911010742e-01,6.531563997268676758e-01,-9.088883399963378906e-01,1.120601058006286621e+00,-5.577252507209777832e-01,6.788217425346374512e-01,-8.307109475135803223e-01,-1.322227120399475098e-01,-1.714817732572555542e-01,-3.341504931449890137e-01,-9.709170460700988770e-01,-3.209822773933410645e-01,1.001745939254760742e+00,-1.863909661769866943e-01,-1.044006943702697754e+00,-1.602822244167327881e-01,-1.714249253273010254e-01,-1.397603303194046021e-01,9.329741820693016052e-03,8.542305231094360352e-01,2.159632444381713867e-01,-3.620269894599914551e-01,-7.060061097145080566e-01,4.311091005802154541e-01,1.441930174827575684e+00,-1.232899308204650879e+00,6.795200705528259277e-01,-8.112154901027679443e-02,-1.232616782188415527e+00,-1.459924221038818359e+00,3.548057973384857178e-01,-6.294282674789428711e-01,-1.614995002746582031e-01,-1.891457557678222656e+00,-6.479194164276123047e-01,1.271880269050598145e+00,-7.976697683334350586e-01,1.198040366172790527e+00,-5.031867623329162598e-01,3.584591746330261230e-01,-8.343436717987060547e-01,-3.659389317035675049e-01,2.979470491409301758e-01,6.142119765281677246e-01,1.211078286170959473e+00,-9.739926457405090332e-01,7.114196419715881348e-01,-1.343760788440704346e-01,3.662596046924591064e-01,-2.742055356502532959e-01,5.413741469383239746e-01,-1.833475828170776367e+00,-1.263977050781250000e+00,-1.034538269042968750e+00,5.046399831771850586e-01,4.304117262363433838e-01,-1.610109955072402954e-01,-4.586268663406372070e-01,1.869246065616607666e-01,6.824554800987243652e-01,-1.800063848495483398e-01,-5.866549015045166016e-01,-7.437745332717895508e-01,-5.028425455093383789e-01,4.958392977714538574e-01,1.429363340139389038e-01,5.902717113494873047e-01,4.755344092845916748e-01,1.444755196571350098e+00,-1.787620829418301582e-03,1.579289913177490234e+00,-1.256894111633300781e+00,-1.163016915321350098e+00,1.674963831901550293e+00,5.684873461723327637e-01,9.391901493072509766e-01,-1.429959237575531006e-01,1.070579767227172852e+00,2.652882337570190430e-01,2.662876248359680176e-01,5.754009485244750977e-01,4.244567155838012695e-01,2.318026423454284668e-01,-1.848412454128265381e-01,3.797375559806823730e-01,-9.178239107131958008e-02,5.652998685836791992e-01,-9.665254950523376465e-01,-2.007405281066894531e+00,2.307687997817993164e+00,7.933465242385864258e-01,-2.339699983596801758e+00,-1.140043020248413086e+00,-5.620975494384765625e-01,-8.377168178558349609e-01,1.073995947837829590e+00,-4.059011042118072510e-01,-1.479081809520721436e-01
-3.340747058391571045e-01,1.377732396125793457e+00,-8.600898385047912598e-01,-2.987082004547119141e+00,9.725429415702819824e-01,-1.090515851974487305e+00,-2.553527429699897766e-02,4.257400929927825928e-01,2.904708087444305420e-01,8.331908583641052246e-01,-4.495102167129516602e-01,5.994178056716918945e-01,1.113579124212265015e-01,3.842506408691406250e-01,-3.410524427890777588e-01,-5.465556979179382324e-01,2.725394368171691895e-01,3.427338898181915283e-01,-8.334264755249023438e-01,-4.699107408523559570e-01,-6.635699421167373657e-02,7.276062965393066406e-01,-9.449105709791183472e-02,1.587656140327453613e-01,2.969330847263336182e-01,-1.198197841644287109e+00,-1.194013118743896484e+00,5.000010728836059570e-01,-5.386562645435333252e-02,8.907115459442138672e-01,7.391220331192016602e-01,-5.608176589012145996e-01,1.333759427070617676e-01,5.633270367980003357e-02,1.671669483184814453e+00,1.092451095581054688e+00,-1.888854503631591797e+00,1.704214453697204590e+00,6.420129537582397461e-01,-2.776807546615600586e-01,1.092545509338378906e+00,-1.552036404609680176e-01,-3.369852006435394287e-01,5.707010626792907715e-01,-9.160950779914855957e-01,-1.745539903640747070e-01,2.301090359687805176e-01,1.888008862733840942e-01,-7.291825115680694580e-02,5.000963807106018066e-01,-5.741884112358093262e-01,-1.512263566255569458e-01,-4.701139330863952637e-01,1.738497614860534668e-01,1.295860171318054199e+00,-6.465020179748535156e-01,-1.650164365768432617e+00,2.221095263957977295e-01,-3.263099491596221924e-01,-1.584492206573486328e+00,-9.374901056289672852e-01,8.945633172988891602e-01,-4.926648437976837158e-01,-1.215609788894653320e+00,-3.767335712909698486e-01,1.158756136894226074e+00,-6.400082111358642578e-01,1.071650385856628418e+00,5.110218524932861328e-01,-1.423569321632385254e+00,-9.538382887840270996e-01,2.615721337497234344e-02,-9.864217042922973633e-01,5.373752117156982422e-01,-7.472354769706726074e-01,-1.557253956794738770e+00,1.092291951179504395e+00,2.553298473358154297e+00,-1.453449130058288574e+00,2.862182259559631348e-01,-1.122995652258396149e-02,2.901463508605957031e-01,-1.302163582295179367e-02,-1.557602882385253906e-01,3.474632203578948975e-01,3.720191717147827148e-01,-1.121378540992736816e+00,1.516084909439086914e+00,2.916305661201477051e-01,-1.644516110420227051e+00,9.662311673164367676e-01,-1.683271408081054688e+00,-5.440817475318908691e-01,-2.670809507369995117e+00,-1.057598516345024109e-01,4.492685496807098389e-01,2.672320127487182617e+00,-2.733316123485565186e-01,-3.566621840000152588e-01,-1.025297880172729492e+00,7.435998916625976562e-01,7.421842813491821289e-01,1.362435966730117798e-01,1.656918883323669434e+00,1.585721731185913086e+00,7.127944827079772949e-01,8.752049207687377930e-01,1.065850853919982910e+00,6.200979948043823242e-01,-1.694005727767944336e-01,1.272769689559936523e+00,1.657620668411254883e-01,9.721213579177856445e-01,-5.661224722862243652e-01,4.981643259525299072e-01,4.397801682353019714e-02,2.663580775260925293e-01,7.381486892700195312e-01,-7.143818140029907227e-01,-6.999849528074264526e-02,-1.246530413627624512e+00,-6.821562051773071289e-01,-1.481753230094909668e+00,-1.522005915641784668e+00,-1.844411194324493408e-01,1.086202025413513184e+00,-1.333991169929504395e+00,4.309484958648681641e-01,1.727146625518798828e+00,-1.063858270645141602e+00,-2.845098674297332764e-01,4.842058122158050537e-01,3.422476351261138916e-01,2.769095450639724731e-02,-2.213990986347198486e-01,7.847987413406372070e-01,-3.425723910331726074e-01,-7.390799522399902344e-01,-9.410989284515380859e-01,6.283591389656066895e-01,-2.107303887605667114e-01,7.264041304588317871e-01,-2.350827865302562714e-02,2.030234485864639282e-01,2.923202812671661377e-01,1.463051676750183105e+00,-1.211405638605356216e-02,-1.164167761802673340e+00,8.778883218765258789e-01,-8.818690776824951172e-01,6.161968111991882324e-01,7.330253720283508301e-01,-3.082376718521118164e-01,-1.456477493047714233e-01,2.651214838027954102e+00,-1.732714653015136719e+00,-4.241143167018890381e-01,1.364271789789199829e-01,5.255712866783142090e-01,7.355131953954696655e-02,-1.948979377746582031e+00,-5.521731972694396973e-01,-5.984094738960266113e-01,8.079245686531066895e-01,1.829387843608856201e-01,1.351595759391784668e+00,-1.799189209938049316e+00,1.238048970699310303e-01,-1.208205819129943848e+00,7.090312838554382324e-01,-1.131975650787353516e-01,-8.611055016517639160e-01,1.578380703926086426e+00,-2.393673211336135864e-01,-8.392057418823242188e-01,2.138637304306030273e+00,-1.055299878120422363e+00,6.989227533340454102e-01,-1.015001177787780762e+00,-1.466294527053833008e-01,-1.520922780036926270e+00,8.464642763137817383e-01,6.455070972442626953e-01,1.081681966781616211e+00,-2.135477364063262939e-01,1.822737157344818115e-01,-1.239156723022460938e+00,-1.480610966682434082e+00,7.711023688316345215e-01,6.340364813804626465e-01,6.822888851165771484e-01,1.585006475448608398e+00,6.498839855194091797e-01,1.147712826728820801e+00,1.246581554412841797e+00,9.458157420158386230e-01,-1.366307854652404785e+00,1.374773144721984863e+00,1.166921377182006836e+00,1.310382783412933350e-01
-4.919526875019073486e-01,1.257983148097991943e-01,5.721831321716308594e-01,-9.920323267579078674e-03,-1.711314082145690918e+00,6.768015027046203613e-01,-1.024283170700073242e+00,1.314410805702209473e+00,-2.423196434974670410e-01,-7.007098197937011719e-01,5.388659834861755371e-01,1.453575611114501953e+00,2.344432026147842407e-01,2.509439468383789062e+00,1.785412430763244629e-01,-4.526113718748092651e-02,-3.768143057823181152e-01,1.608123660087585449e+00,-7.164757698774337769e-02,-2.136759042739868164e+00,-9.624223113059997559e-01,-1.033020019531250000e+00,-5.587662458419799805e-01,1.412455201148986816e+00,1.132469892501831055e+00,-5.757656097412109375e-01,3.736750483512878418e-01,-3.485352396965026855e-01,-6.036857366561889648e-01,-1.029678732156753540e-01,-8.520113676786422729e-02,3.834650218486785889e-01,1.014128327369689941e+00,4.602256715297698975e-01,2.882275581359863281e-01,1.584390640258789062e+00,3.890705704689025879e-01,3.800742924213409424e-01,1.449502538889646530e-02,5.713601037859916687e-02,3.581104278564453125e-01,2.975002229213714600e-01,-9.344167113304138184e-01,1.861158758401870728e-01,-7.346735596656799316e-01,1.277918934822082520e+00,-7.364338040351867676e-01,-6.333585977554321289e-01,-1.138895630836486816e+00,-2.789505422115325928e-01,3.058711588382720947e-01,7.905929088592529297e-01,4.235043004155158997e-02,-1.074236273765563965e+00,5.721428394317626953e-01,1.290179323405027390e-02,-4.608891010284423828e-01,-9.012417793273925781e-01,7.699578404426574707e-01,1.951964378356933594e+00,3.664917647838592529e-01,-7.294541001319885254e-01,-5.762485787272453308e-02,2.109164595603942871e-01,-2.240522950887680054e-01,-1.636260032653808594e+00,1.267199635505676270e+00,-3.107043504714965820e-01,9.191179871559143066e-01,1.716038107872009277e+00,1.155282735824584961e+00,-4.968210160732269287e-01,7.175501585006713867e-01,-4.750886261463165283e-01,-8.737440109252929688e-01,4.595727324485778809e-01,3.497975319623947144e-02,-5.181433558464050293e-01,2.122084617614746094e+00,-4.943119883537292480e-01,-7.794666290283203125e-01,2.179958373308181763e-01,-8.159583210945129395e-01,7.147295773029327393e-02,-5.359210968017578125e-01,1.997189670801162720e-01,-1.883192546665668488e-02,1.076514482498168945e+00,3.923881947994232178e-01,2.238517999649047852e+00,-1.318768024444580078e+00,-1.537785530090332031e+00,-6.948288679122924805e-01,-5.583151802420616150e-02,-1.199209690093994141e+00,-9.950345754623413086e-01,-7.117125391960144043e-01,-6.470003724098205566e-01,-8.721118569374084473e-01,1.587649226188659668e+00,1.828157752752304077e-01,-1.706938385963439941e+00,2.561109960079193115e-01,-2.128867387771606445e+00,-1.029462099075317383e+00,2.802735269069671631e-01,-7.089459896087646484e-01,-4.442096352577209473e-01,-4.851248562335968018e-01,1.731948852539062500e-01,-1.343572378158569336e+00,-4.799763560295104980e-01,-6.356896758079528809e-01,2.034928351640701294e-01,-5.800687074661254883e-01,-5.577104687690734863e-01,-2.141871117055416107e-02,-1.950797319412231445e+00,-2.565872371196746826e-01,-7.112562656402587891e-01,-2.616889774799346924e-01,1.369020342826843262e+00,3.445579707622528076e-01,1.249553442001342773e+00,-1.712806373834609985e-01,1.136724233627319336e+00,-1.383679866790771484e+00,-3.080812692642211914e-01,-1.123903505504131317e-02,-5.404719710350036621e-01,6.064720153808593750e-01,3.127796351909637451e-01,-6.879449486732482910e-01,7.841705679893493652e-01,1.194436252117156982e-01,7.507421970367431641e-01,-2.219315916299819946e-01,-6.533387303352355957e-01,-2.460666596889495850e-01,9.274364113807678223e-01,1.490601301193237305e-01,-3.618353307247161865e-01,8.701800107955932617e-01,1.172169208526611328e+00,-1.055957555770874023e+00,-1.390487074851989746e+00,-5.913372635841369629e-01,-7.430781722068786621e-01,1.603793740272521973e+00,-2.221403867006301880e-01,-1.044642686843872070e+00,-9.131907671689987183e-02,-7.709938287734985352e-01,1.084720134735107422e+00,-2.664586305618286133e-01,-1.844331771135330200e-01,-1.574469171464443207e-02,1.302069544792175293e+00,-2.297321259975433350e-01,8.996455073356628418e-01,7.540304213762283325e-03,-8.413352370262145996e-01,7.749160528182983398e-01,1.050765737891197205e-01,-6.984218358993530273e-01,5.200862288475036621e-01,-2.265612483024597168e-01,7.917037606239318848e-01,-4.544342458248138428e-01,-1.936093419790267944e-01,-9.705361127853393555e-01,-1.719644367694854736e-01,-6.210922598838806152e-01,-5.565989017486572266e-01,-1.265801191329956055e+00,-8.667193055152893066e-01,2.171774387359619141e+00,9.857429265975952148e-01,-1.889537334442138672e+00,1.727622598409652710e-01,7.506442666053771973e-01,1.940114609897136688e-02,-1.796855807304382324e+00,-1.215347051620483398e+00,1.411035776138305664e+00,9.909675121307373047e-01,-5.248491838574409485e-02,1.798617541790008545e-01,-7.343674898147583008e-01,5.840273499488830566e-01,1.107176542282104492e-01,-1.806833446025848389e-01,1.002117276191711426e+00,-2.401930652558803558e-02,-1.720870584249496460e-01,7.577896714210510254e-01,-5.689684748649597168e-01,-1.158333182334899902e+00,-1.013819813728332520e+00,1.176556468009948730e+00
5.007590055465698242e-01,1.226048171520233154e-01,7.436598539352416992e-01,-1.279994696378707886e-01,4.595624208450317383e-01,-4.558686614036560059e-01,-1.193112850189208984e+00,4.590068757534027100e-01,-1.420773983001708984e+00,6.573747992515563965e-01,1.126027226448059082e+00,3.185400962829589844e-01,1.832951903343200684e-01,6.613376736640930176e-01,7.403228878974914551e-01,8.956120014190673828e-01,7.259785532951354980e-01,2.846815586090087891e-01,-9.403345733880996704e-02,-8.365608751773834229e-02,6.193568110466003418e-01,-1.075151085853576660e+00,1.734816193580627441e+00,1.469100952148437500e+00,-1.456356287002563477e+00,7.115450501441955566e-02,-8.843913674354553223e-01,-2.743269205093383789e-01,-1.349603384733200073e-01,1.360932707786560059e+00,5.218918919563293457e-01,5.295834541320800781e-01,-4.931794404983520508e-01,-7.399558424949645996e-01,1.957265853881835938e+00,-3.490126729011535645e-01,-1.323440968990325928e-01,-3.513474166393280029e-01,4.496591687202453613e-01,9.687819480895996094e-01,-1.094438657164573669e-01,-5.178295969963073730e-01,1.311052918434143066e+00,1.530349612236022949e+00,-1.198422312736511230e+00,1.327755570411682129e+00,-2.672771453857421875e+00,4.310593307018280029e-01,-2.625046014785766602e+00,1.500600337982177734e+00,-8.447653055191040039e-01,-1.722202539443969727e+00,-1.808919429779052734e+00,-4.953040480613708496e-01,-7.956529855728149414e-01,1.416781067848205566e+00,-2.220651954412460327e-01,-1.627355813980102539e-01,4.512749910354614258e-01,1.683194398880004883e+00,5.819448828697204590e-01,5.233849957585334778e-02,2.208983749151229858e-01,-1.239358186721801758e+00,1.653032183647155762e+00,-6.109666824340820312e-01,1.903663992881774902e+00,2.491846323013305664e+00,1.285697579383850098e+00,1.047136902809143066e+00,-6.713795065879821777e-01,9.424211382865905762e-01,-2.326975762844085693e-01,-3.570952415466308594e-01,2.289327979087829590e-01,-3.748557567596435547e-01,-1.372916936874389648e+00,1.320263147354125977e-01,-6.976381540298461914e-01,-7.421033382415771484e-01,2.179324626922607422e-01,-9.284315109252929688e-01,-1.506936907768249512e+00,7.027992606163024902e-01,-1.460700929164886475e-01,-9.544675797224044800e-02,5.454533696174621582e-01,3.395069539546966553e-01,2.629345357418060303e-01,9.346368908882141113e-02,1.303670853376388550e-01,-7.447909712791442871e-01,4.480655789375305176e-01,-1.007481694221496582e+00,7.589571177959442139e-02,-5.078672766685485840e-01,1.279822140932083130e-01,-6.147646903991699219e-01,1.176389575004577637e+00,-3.675608709454536438e-02,-7.607359290122985840e-01,6.767550706863403320e-01,-3.472831547260284424e-01,-7.551406323909759521e-02,-3.722626864910125732e-01,-1.559298038482666016e+00,-1.099571347236633301e+00,-2.167949825525283813e-01,-6.895436644554138184e-01,-6.131443977355957031e-01,-1.349642276763916016e+00,-1.805531531572341919e-01,1.234371587634086609e-01,-3.693778067827224731e-02,-6.480619907379150391e-01,1.260734081268310547e+00,1.002741098403930664e+00,-5.728852152824401855e-01,1.481398820877075195e+00,1.386612415313720703e+00,-6.401367783546447754e-01,-8.177509307861328125e-01,-8.457823097705841064e-02,1.602662563323974609e+00,-1.363014459609985352e+00,-1.078676104545593262e+00,2.577152289450168610e-02,-1.162060976028442383e+00,2.077953666448593140e-01,8.187130093574523926e-01,3.301568925380706787e-01,6.320191025733947754e-01,-2.342377185821533203e+00,1.531463742256164551e+00,-4.450730383396148682e-01,-5.888665318489074707e-01,-1.319174289703369141e+00,5.778602957725524902e-01,-1.300189852714538574e+00,1.384569168090820312e+00,-8.268647193908691406e-01,-1.766556620597839355e+00,9.891303628683090210e-02,-9.181851744651794434e-01,3.485961556434631348e-01,1.010645747184753418e+00,-6.377862393856048584e-02,-2.478459328413009644e-01,-6.138757467269897461e-01,2.413646876811981201e-01,-7.530573010444641113e-02,1.217745095491409302e-01,-1.820256859064102173e-01,2.935247719287872314e-01,-1.712940931320190430e-01,8.557932376861572266e-01,-7.280673384666442871e-01,2.101598024368286133e+00,-1.287116050720214844e+00,1.241582989692687988e+00,-4.421809613704681396e-01,1.691894054412841797e+00,1.088547110557556152e+00,2.043057203292846680e+00,3.519054353237152100e-01,-8.861567378044128418e-01,-5.228354334831237793e-01,4.621784985065460205e-01,-3.870709240436553955e-01,-1.143632769584655762e+00,2.042365074157714844e+00,8.179637789726257324e-01,1.502476692199707031e+00,-1.528858304023742676e+00,-1.498452425003051758e+00,5.445052981376647949e-01,-1.849870800971984863e+00,-1.676882863044738770e+00,-5.030062794685363770e-01,-1.031703591346740723e+00,9.921017289161682129e-01,-5.870366692543029785e-01,-3.910516574978828430e-02,1.491346240043640137e+00,9.523102641105651855e-01,-1.121132016181945801e+00,-1.880514174699783325e-01,-1.021390318870544434e+00,6.500260829925537109e-01,1.319368839263916016e+00,-1.907197535037994385e-01,-1.187282204627990723e+00,2.390868663787841797e+00,1.287894248962402344e-01,4.126079380512237549e-01,-7.411599159240722656e-01,6.380217075347900391e-01,1.047645688056945801e+00,-2.273144006729125977e+00,1.647779494524002075e-01
4.043709635734558105e-01,3.466248512268066406e-01,-5.128288269042968750e-01,1.520999789237976074e+00,-1.190285921096801758e+00,1.446323543787002563e-01,7.429735064506530762e-01,-4.090022444725036621e-01,-1.349843382835388184e+00,-6.852707862854003906e-01,-1.875397801399230957e+00,-1.461076974868774414e+00,5.130968242883682251e-02,-1.113591074943542480e+00,1.123704165220260620e-01,1.935819685459136963e-01,1.513179391622543335e-01,-6.386249512434005737e-02,-4.690020978450775146e-01,1.098693847656250000e+00,-1.187401533126831055e+00,-1.403261303901672363e+00,-1.490998417139053345e-01,1.031095266342163086e+00,3.048732280731201172e-01,-1.653765439987182617e-01,-1.410383224487304688e+00,-2.563665866851806641e+00,-1.174639582633972168e+00,-9.235265851020812988e-01,6.138855218887329102e-01,9.234387874603271484e-01,2.128115147352218628e-01,3.799411356449127197e-01,1.092743992805480957e+00,1.224983811378479004e+00,-7.706267237663269043e-01,-1.443816184997558594e+00,7.349697351455688477e-01,2.580314576625823975e-01,1.905353367328643799e-01,1.543107151985168457e+00,1.610558778047561646e-01,2.962401509284973145e-01,3.316858708858489990e-01,1.743690848350524902e+00,1.605412364006042480e+00,2.126427292823791504e-01,1.056084275245666504e+00,1.224006116390228271e-01,4.925466477870941162e-01,1.969617009162902832e+00,-1.749940037727355957e+00,-6.830739974975585938e-01,-1.579321026802062988e-01,1.613843798637390137e+00,2.869301795959472656e+00,-1.478486299514770508e+00,-4.857580959796905518e-01,-2.892858982086181641e-01,-2.473685890436172485e-01,-6.260206699371337891e-01,5.800162553787231445e-01,-6.884206533432006836e-01,8.047387748956680298e-02,-4.584314823150634766e-01,-1.146446108818054199e+00,-5.632438063621520996e-01,-7.966509461402893066e-01,6.688267588615417480e-01,-5.256760120391845703e-01,1.481370210647583008e+00,1.745782047510147095e-02,2.130665034055709839e-01,-4.054445624351501465e-01,4.993072748184204102e-01,-4.427333176136016846e-01,-4.670606255531311035e-01,-1.348618030548095703e+00,1.497735530138015747e-01,9.037693142890930176e-01,6.189519166946411133e-01,8.661421537399291992e-01,-8.380397558212280273e-01,1.429443210363388062e-01,-2.596417963504791260e-01,-5.430524349212646484e-01,-5.030465126037597656e-01,1.521297335624694824e+00,-2.078743219375610352e+00,-2.655724048614501953e+00,7.934005558490753174e-02,-2.679409384727478027e-01,-1.228554546833038330e-01,-1.216750979423522949e+00,1.400756955146789551e+00,-7.933971881866455078e-01,1.034890651702880859e+00,-1.147414088249206543e+00,9.913878440856933594e-01,-2.258309721946716309e-01,-2.051694691181182861e-01,6.754604578018188477e-01,-6.098109483718872070e-01,2.485705018043518066e-01,3.528477251529693604e-02,-1.529825091361999512e+00,3.274620175361633301e-01,6.112450361251831055e-02,-9.375766515731811523e-01,7.592631131410598755e-02,1.547928690910339355e+00,2.790679633617401123e-01,-6.651879549026489258e-01,-8.585867881774902344e-01,1.614943742752075195e+00,-1.701887995004653931e-01,3.555219471454620361e-01,-1.362587660551071167e-01,8.700869679450988770e-01,1.002096056938171387e+00,-6.071907281875610352e-01,-1.435366034507751465e+00,7.091261744499206543e-01,-2.373566627502441406e+00,-9.253106117248535156e-01,-3.492180407047271729e-01,-6.057659983634948730e-01,-3.831453621387481689e-01,2.346258014440536499e-01,4.201597869396209717e-01,1.183843463659286499e-01,-4.016653597354888916e-01,-8.963821530342102051e-01,5.927195549011230469e-01,-8.566696643829345703e-01,7.910997867584228516e-01,9.408645033836364746e-01,-1.377381682395935059e+00,-2.069411128759384155e-01,-8.274055272340774536e-02,4.998439177870750427e-02,4.240270853042602539e-01,-9.844385385513305664e-01,4.297246783971786499e-02,-3.152389824390411377e-02,1.106688827276229858e-01,3.963866829872131348e-01,1.125923842191696167e-01,-7.436590194702148438e-01,-5.012354627251625061e-02,2.930974960327148438e-01,-8.582447767257690430e-01,3.508931100368499756e-01,1.703125424683094025e-02,1.160030484199523926e+00,-6.757836341857910156e-01,-6.762676239013671875e-01,-9.881470799446105957e-01,1.817393898963928223e-01,7.195589542388916016e-01,-4.041070640087127686e-01,6.831871867179870605e-01,-7.449824810028076172e-01,-1.043557643890380859e+00,-8.928995728492736816e-01,9.806008338928222656e-01,-8.277887701988220215e-01,4.848971962928771973e-01,1.297804236412048340e+00,-3.146842718124389648e-01,-1.931619763374328613e+00,8.746400475502014160e-01,-1.773285865783691406e-01,5.975925922393798828e-01,-2.109854459762573242e+00,-8.075861260294914246e-03,-1.847179055213928223e+00,-1.659123599529266357e-01,1.617450952529907227e+00,8.962049484252929688e-01,6.848567128181457520e-01,2.013114929199218750e+00,-5.144340395927429199e-01,8.415180444717407227e-01,1.300016999244689941e+00,1.112602472305297852e+00,1.024145409464836121e-01,-4.384987652301788330e-01,6.650121212005615234e-01,-4.259125888347625732e-01,1.457431167364120483e-01,-2.359548956155776978e-01,-1.201913237571716309e+00,2.000622987747192383e+00,7.752581834793090820e-01,2.254245877265930176e-01,6.984148025512695312e-01,8.398789763450622559e-01,7.001357674598693848e-01
1.939612030982971191e-01,-1.228912115097045898e+00,-5.278829336166381836e-01,1.219587922096252441e+00,-3.960257768630981445e-01,1.498848199844360352e+00,-3.843475580215454102e-01,1.394703626632690430e+00,7.716148495674133301e-01,6.325422525405883789e-01,1.405315041542053223e+00,4.704164266586303711e-01,7.842400670051574707e-01,-8.152894973754882812e-01,-6.259037852287292480e-01,1.588969081640243530e-01,-1.254377603530883789e+00,-1.284257173538208008e+00,-1.068463444709777832e+00,6.408281326293945312e-01,-1.283748298883438110e-01,1.615031361579895020e+00,1.938112735748291016e+00,-1.237867832183837891e+00,8.638460636138916016e-01,9.945415854454040527e-01,1.202572464942932129e+00,-3.624613955616950989e-02,-1.120531439781188965e+00,-1.635682940483093262e+00,3.411002224311232567e-03,8.207321912050247192e-02,-2.197321891784667969e+00,4.500424861907958984e-01,-1.092287302017211914e+00,-1.297795057296752930e+00,1.707208752632141113e+00,-1.093234539031982422e+00,-5.411334633827209473e-01,-1.810608386993408203e+00,-2.245652228593826294e-01,-1.124747037887573242e+00,-2.649450600147247314e-01,1.862634122371673584e-01,-3.965971171855926514e-01,8.806225657463073730e-01,7.183500528335571289e-01,-1.078474164009094238e+00,-2.103114426136016846e-01,-6.700237393379211426e-01,-1.945154815912246704e-01,1.035173416137695312e+00,-1.215406179428100586e+00,-1.355012416839599609e+00,-1.348451822996139526e-01,-1.001739278435707092e-01,1.333901405334472656e+00,4.135585129261016846e-01,-8.016795516014099121e-01,-9.481034278869628906e-01,1.403236508369445801e+00,-6.778470277786254883e-01,1.025619387626647949e+00,6.186256408691406250e-01,1.091372609138488770e+00,-4.506152123212814331e-02,4.595773518085479736e-01,5.047995448112487793e-01,1.146029949188232422e+00,5.679320096969604492e-01,1.334016174077987671e-01,-9.403469562530517578e-01,4.893684983253479004e-01,-1.749206066131591797e+00,-7.548630237579345703e-01,1.413144618272781372e-01,1.209627091884613037e-01,4.505065977573394775e-01,2.425113916397094727e-01,-1.451789975166320801e+00,4.787885844707489014e-01,1.813832223415374756e-01,1.731204152107238770e+00,-5.002550482749938965e-01,-2.637561261653900146e-01,1.616461277008056641e+00,2.636269569396972656e+00,-1.504772067070007324e+00,-1.036254093050956726e-01,-1.571877241134643555e+00,1.208145141601562500e+00,-1.890068799257278442e-01,1.546314716339111328e+00,-1.543145347386598587e-02,-1.916323184967041016e+00,-1.508418470621109009e-01,-3.860748410224914551e-01,-7.346711754798889160e-01,3.369942307472229004e-02,1.022750258445739746e+00,-7.398403882980346680e-01,-1.437228024005889893e-01,1.920916326344013214e-02,1.055880069732666016e+00,-2.050818681716918945e+00,-9.104422926902770996e-01,-1.692682027816772461e+00,1.001762896776199341e-01,-1.383956335484981537e-02,1.615830659866333008e+00,4.762260615825653076e-01,-7.178339958190917969e-01,4.731655865907669067e-02,-7.278535962104797363e-01,-1.111446022987365723e+00,-4.710237681865692139e-01,1.964020729064941406e+00,-1.000011682510375977e+00,6.429644227027893066e-01,-5.539886951446533203e-01,-2.249994724988937378e-01,1.305075287818908691e+00,-6.396600604057312012e-01,7.768542170524597168e-01,-6.977198123931884766e-01,-2.574618101119995117e+00,-2.149120569229125977e+00,-1.263202130794525146e-01,1.951487809419631958e-01,-1.345917224884033203e+00,4.234105348587036133e-01,-9.601722955703735352e-01,7.104111909866333008e-01,-7.112469673156738281e-01,-8.927084803581237793e-01,6.244950294494628906e-01,-5.397684574127197266e-01,1.470268130302429199e+00,-4.191326797008514404e-01,-4.326420724391937256e-01,1.131816148757934570e+00,4.911451414227485657e-02,-2.497605800628662109e+00,2.774623632431030273e-01,-1.202943921089172363e-01,-4.736605286598205566e-01,-1.121328473091125488e+00,1.322488784790039062e+00,7.042647600173950195e-01,1.654352098703384399e-01,-2.845719456672668457e-01,-8.017183281481266022e-03,-6.751984357833862305e-02,-1.828850746154785156e+00,1.497304797172546387e+00,2.455388307571411133e-01,-4.344607293605804443e-01,-2.002518028020858765e-01,2.903162240982055664e-01,-8.550980687141418457e-01,2.659929990768432617e-01,3.350414037704467773e-01,-1.679182767868041992e+00,-9.435471892356872559e-02,2.502981424331665039e-01,-2.198017239570617676e-01,-3.636265695095062256e-01,-8.201308250427246094e-01,-1.673073321580886841e-01,4.411900043487548828e-01,-1.820497393608093262e+00,7.338463664054870605e-01,3.163976594805717468e-02,-2.354452386498451233e-03,1.069199919700622559e+00,1.887523770332336426e+00,1.024410009384155273e+00,-1.840881556272506714e-01,6.619490981101989746e-01,5.198147613555192947e-03,5.498021841049194336e-01,1.213223040103912354e-01,1.338220953941345215e+00,1.631376862525939941e+00,-3.170910179615020752e-01,-4.231372475624084473e-01,-1.491678833961486816e+00,-6.616221666336059570e-01,-1.359002709388732910e+00,-1.817163079977035522e-02,-2.643230855464935303e-01,1.609609842300415039e+00,-2.023268043994903564e-01,7.532954812049865723e-01,1.352023959159851074e+00,2.034079551696777344e+00,-2.449779771268367767e-02,1.004159688949584961e+00,7.742587476968765259e-02,1.553858399391174316e+00
-3.001442849636077881e-01,9.138762205839157104e-02,2.706736624240875244e-01,1.431583404541015625e+00,-8.676517009735107422e-01,-3.575299978256225586e-01,-8.610427379608154297e-01,2.493469119071960449e-01,-1.208302617073059082e+00,-5.736958980560302734e-02,-2.491323471069335938e+00,-3.398030698299407959e-01,5.612978935241699219e-01,-3.237726092338562012e-01,2.269891202449798584e-01,-2.742657899856567383e+00,-1.569179058074951172e+00,-1.205987691879272461e+00,1.082889080047607422e+00,1.504722952842712402e+00,-1.430469155311584473e-01,-5.751682445406913757e-02,-8.502290248870849609e-01,4.498296976089477539e-01,4.951251447200775146e-01,-1.764699071645736694e-01,-7.635502219200134277e-01,4.347772896289825439e-01,-3.199643790721893311e-01,1.043457150459289551e+00,-1.247573018074035645e+00,-2.678996920585632324e-01,-1.307919502258300781e+00,6.309578418731689453e-01,-1.344285488128662109e+00,6.099952459335327148e-01,2.231449127197265625e+00,-1.827873736619949341e-01,8.011959195137023926e-01,1.930066794157028198e-01,1.348243653774261475e-01,1.214962959289550781e+00,-6.046179533004760742e-01,-2.134561777114868164e+00,1.277560591697692871e+00,-5.598890185356140137e-01,-7.103036046028137207e-01,-6.661660075187683105e-01,1.324124813079833984e+00,-1.520186781883239746e+00,-1.468191742897033691e-01,-3.013382852077484131e-01,-3.910685479640960693e-01,4.397670328617095947e-01,-1.065747737884521484e+00,-5.143245458602905273e-01,9.191165864467620850e-02,4.352667331695556641e-01,-9.385392069816589355e-01,1.596254229545593262e+00,8.191933035850524902e-01,8.827661275863647461e-01,-4.239924848079681396e-01,-9.701077938079833984e-01,6.214746087789535522e-02,-3.673913776874542236e-01,1.681347012519836426e+00,2.516366168856620789e-02,-1.269593477249145508e+00,-9.498261809349060059e-01,2.722279727458953857e-01,-1.501036882400512695e+00,1.773288547992706299e-01,-5.659111216664314270e-02,1.459867656230926514e-01,1.391870856285095215e+00,1.088918000459671021e-01,1.058998823165893555e+00,-3.470762819051742554e-02,1.105360507965087891e+00,8.844977021217346191e-01,-2.241210937500000000e-01,-1.529022812843322754e+00,1.271262049674987793e+00,-8.320409059524536133e-02,1.955821365118026733e-01,3.139012753963470459e-01,-4.998019933700561523e-01,-3.159826099872589111e-01,9.335020780563354492e-01,-7.015540003776550293e-01,1.237946987152099609e+00,4.067959189414978027e-01,-1.553851962089538574e-01,4.854402542114257812e-01,8.112537860870361328e-01,1.112868785858154297e+00,-5.713310837745666504e-01,-2.511620819568634033e-01,1.766938567161560059e+00,1.377661824226379395e+00,1.080520868301391602e+00,1.487301230430603027e+00,-9.589061737060546875e-01,2.628714561462402344e+00,-3.418960869312286377e-01,-1.142884731292724609e+00,9.118749946355819702e-02,1.032980561256408691e+00,1.095278024673461914e+00,-3.405818715691566467e-02,9.234662055969238281e-01,5.595058798789978027e-01,6.381260156631469727e-01,-5.458235144615173340e-01,-1.123712301254272461e+00,-1.258292675018310547e+00,-2.115962505340576172e+00,1.775337934494018555e+00,-1.981793642044067383e+00,1.372033715248107910e+00,-9.438198059797286987e-02,3.526369631290435791e-01,1.270681381225585938e+00,4.369744360446929932e-01,-1.973652958869934082e+00,-2.957647740840911865e-01,-9.504820108413696289e-01,2.448001503944396973e-02,-9.591923952102661133e-01,7.572722434997558594e-01,1.450932383537292480e+00,1.520346760749816895e+00,-8.577060699462890625e-01,-1.130916923284530640e-01,-3.642920255661010742e-01,5.813446044921875000e-01,-1.095961570739746094e+00,-2.892964839935302734e+00,-1.216183006763458252e-01,-2.046875953674316406e-01,2.920951545238494873e-01,1.000895619392395020e+00,-2.027878761291503906e+00,-3.745517507195472717e-02,-7.226698845624923706e-02,2.744126081466674805e+00,-1.645725667476654053e-01,-1.416348457336425781e+00,3.713068366050720215e-01,1.555315971374511719e+00,-1.179286539554595947e-01,-1.011176705360412598e+00,1.660695791244506836e+00,-7.833645343780517578e-01,-1.364662170410156250e+00,1.037910431623458862e-01,-2.392591476440429688e+00,-2.479209899902343750e-01,-1.148306846618652344e+00,-1.630752563476562500e+00,2.449700534343719482e-01,-1.461351871490478516e+00,9.572571516036987305e-01,-3.837834000587463379e-01,2.361108064651489258e+00,-1.844501048326492310e-01,5.410133004188537598e-01,-9.567403793334960938e-01,1.021581888198852539e+00,7.804017066955566406e-01,7.636752128601074219e-01,1.858945369720458984e+00,-6.588857173919677734e-01,1.187735319137573242e+00,2.461957484483718872e-01,2.954521477222442627e-01,-3.760124146938323975e-01,-1.247258424758911133e+00,-2.423583567142486572e-01,9.530383944511413574e-01,6.497203707695007324e-01,5.725958943367004395e-01,-1.562667965888977051e+00,-5.838264822959899902e-01,6.775937229394912720e-02,5.970652699470520020e-01,5.458341836929321289e-01,3.077257983386516571e-02,9.822937250137329102e-01,-1.163995742797851562e+00,5.094343423843383789e-01,1.063735842704772949e+00,8.110006451606750488e-01,9.614350795745849609e-01,-1.394257396459579468e-01,2.733389139175415039e-01,-5.740814208984375000e-01,3.576197922229766846e-01,9.499448537826538086e-01
-1.822476029396057129e+00,-6.471733003854751587e-02,9.928341507911682129e-01,1.142671585083007812e+00,1.110670641064643860e-01,-1.075901269912719727e+00,-4.545558691024780273e-01,9.970682859420776367e-01,1.935108453035354614e-01,1.311984360218048096e-01,1.791554689407348633e+00,9.470402598381042480e-01,-7.648889422416687012e-01,1.177122950553894043e+00,-9.265511035919189453e-01,-7.590717077255249023e-01,-2.658040523529052734e-01,-1.122858166694641113e+00,-1.696344017982482910e-01,-9.793057292699813843e-02,-2.250570356845855713e-01,5.088931322097778320e-01,-4.322587251663208008e-01,-7.446333169937133789e-01,-3.542413562536239624e-02,-1.406475067138671875e+00,-6.233783904463052750e-03,-1.495491862297058105e+00,-3.082281649112701416e-01,-3.647077679634094238e-01,-7.952207326889038086e-02,-8.467466235160827637e-01,-5.763267874717712402e-01,-4.302775561809539795e-01,-1.037157893180847168e+00,5.301372408866882324e-01,3.944162726402282715e-01,-9.640126228332519531e-01,-1.045856356620788574e+00,4.247608482837677002e-01,-1.369048595428466797e+00,1.530014634132385254e+00,-5.308437943458557129e-01,-6.725252419710159302e-02,9.955660700798034668e-01,-4.361044764518737793e-01,-5.052226185798645020e-01,-1.949107646942138672e+00,-1.886733770370483398e-01,-4.676102995872497559e-01,2.015465974807739258e+00,-1.481112241744995117e-01,3.843627274036407471e-01,-2.720520794391632080e-01,-8.084540367126464844e-01,2.128564834594726562e+00,4.090160727500915527e-01,-1.271521210670471191e+00,2.289627492427825928e-01,4.275631010532379150e-01,3.701830506324768066e-01,-2.091104030609130859e+00,9.047905206680297852e-01,8.506692647933959961e-01,1.015575379133224487e-01,-1.591367721557617188e+00,-3.302933573722839355e-01,-1.165571093559265137e+00,6.339941620826721191e-01,1.314978480339050293e+00,-9.610729813575744629e-01,-7.916156053543090820e-01,1.535438656806945801e+00,-5.000065565109252930e-01,-2.693425416946411133e-01,-1.627819299697875977e+00,-6.639741659164428711e-01,1.759642362594604492e-01,8.843234926462173462e-02,-1.071379184722900391e+00,6.251729726791381836e-01,-1.865174919366836548e-01,-9.955009445548057556e-03,5.379237607121467590e-02,6.446139812469482422e-01,-3.919408321380615234e-01,5.502666234970092773e-01,7.304601073265075684e-01,-1.503740906715393066e+00,-2.484479546546936035e-02,-1.386986076831817627e-01,3.119076788425445557e-01,5.804176330566406250e-01,-1.690226912498474121e+00,-7.989329695701599121e-01,6.921969354152679443e-02,-1.425347924232482910e+00,-1.009352684020996094e+00,1.697128415107727051e+00,1.625254899263381958e-01,-6.779509782791137695e-02,5.246564149856567383e-01,3.173062205314636230e-01,7.139382362365722656e-01,6.599531173706054688e-01,-5.765898227691650391e-01,3.248353600502014160e-01,-5.755535960197448730e-01,-3.765602409839630127e-01,2.070898771286010742e+00,-1.897404044866561890e-01,2.912447929382324219e+00,-4.885404109954833984e-01,2.990930080413818359e-01,-1.314317574724555016e-03,-2.131011039018630981e-01,-8.893933892250061035e-01,-4.789938032627105713e-01,-1.973827719688415527e+00,-1.623814105987548828e+00,-4.038830697536468506e-01,-1.535343080759048462e-01,-2.370299816131591797e+00,-2.463243007659912109e-01,-8.010838031768798828e-01,1.017057299613952637e+00,1.308009147644042969e+00,2.529220283031463623e-01,-1.544642597436904907e-01,-5.515989065170288086e-01,-1.272485613822937012e+00,1.270771622657775879e+00,-8.644854426383972168e-01,1.623214125633239746e+00,8.803647160530090332e-01,-7.618713378906250000e-01,-8.265842795372009277e-01,1.793423295021057129e-01,2.285999953746795654e-01,-1.399788260459899902e+00,-2.626266717910766602e+00,-2.168938875198364258e+00,8.767052292823791504e-01,1.001869559288024902e+00,-8.179947733879089355e-01,-3.329832851886749268e-01,4.305793344974517822e-01,1.537263393402099609e+00,-1.558366894721984863e+00,1.002267718315124512e+00,4.030730724334716797e-01,-3.362811803817749023e-01,-1.046433925628662109e+00,-4.587684869766235352e-01,-2.029372215270996094e+00,-5.733129978179931641e-01,3.085852265357971191e-01,6.095820665359497070e-01,-7.199077010154724121e-01,1.308498978614807129e+00,2.967355549335479736e-01,4.443367123603820801e-01,4.193994104862213135e-01,2.446120604872703552e-02,-8.554435968399047852e-01,1.701679587364196777e+00,-3.445404171943664551e-01,3.913488239049911499e-02,-9.203200340270996094e-01,8.054568171501159668e-01,1.036483049392700195e-01,4.921937882900238037e-01,-1.356722593307495117e+00,7.794142365455627441e-01,-5.626472830772399902e-01,-9.088849425315856934e-01,1.182387351989746094e+00,1.221551656723022461e+00,6.689424067735671997e-02,-4.544679820537567139e-02,1.471763849258422852e+00,4.925909042358398438e-01,1.770295202732086182e-01,8.005690574645996094e-01,7.653679251670837402e-01,-8.496726155281066895e-01,-1.497303962707519531e+00,-5.458860844373703003e-02,1.554115414619445801e-01,-1.792947351932525635e-01,-6.158374547958374023e-01,4.258308708667755127e-01,-9.651213288307189941e-01,-1.225130796432495117e+00,-9.889243245124816895e-01,-1.136867851018905640e-01,-3.542933464050292969e-01,1.472996711730957031e+00,-3.512785911560058594e+00,-3.729089796543121338e-01
-8.090806007385253906e-02,-4.415960609912872314e-02,1.251397371292114258e+00,2.079375982284545898e+00,9.727313369512557983e-02,-1.088042736053466797e+00,-3.113437294960021973e-01,4.444417357444763184e-01,1.567212939262390137e-01,6.801102161407470703e-01,4.155076742172241211e-01,6.725598573684692383e-01,-8.178389072418212891e-01,2.759175598621368408e-01,-2.417698055505752563e-01,3.414164856076240540e-02,1.965353339910507202e-01,8.150663375854492188e-01,3.298795223236083984e-01,9.631320089101791382e-02,1.033925056457519531e+00,4.571831226348876953e-01,1.464807152748107910e+00,-2.791719436645507812e-01,7.025849223136901855e-01,1.278142780065536499e-01,-1.767132997512817383e+00,4.115730524063110352e-01,-7.867724895477294922e-01,6.971722096204757690e-02,-2.588689327239990234e-01,-1.044683218002319336e+00,2.249601483345031738e-01,-4.115832149982452393e-01,1.725835680961608887e+00,9.037917852401733398e-01,-1.901776671409606934e+00,-4.544572830200195312e-01,-1.401561498641967773e+00,-6.749871969223022461e-01,-1.910816133022308350e-02,2.407233417034149170e-02,-4.546524286270141602e-01,1.300077795982360840e+00,1.551037430763244629e-01,-1.043902114033699036e-01,1.683528184890747070e+00,2.131383895874023438e+00,3.773439228534698486e-01,-7.843297123908996582e-01,5.157355591654777527e-02,1.862591743469238281e+00,-2.901589274406433105e-01,5.203381180763244629e-01,-2.434145689010620117e+00,-9.400993585586547852e-01,-2.582813799381256104e-01,2.635858654975891113e-01,-6.405072212219238281e-01,-5.669484734535217285e-01,6.193843483924865723e-01,-4.160842597484588623e-01,8.669112920761108398e-01,-5.872617959976196289e-01,-7.670263051986694336e-01,3.386434316635131836e-01,-1.410789608955383301e+00,1.179022550582885742e+00,-5.564403533935546875e-01,7.217003703117370605e-01,-1.799362450838088989e-01,-1.621175169944763184e+00,3.562029898166656494e-01,-5.651593804359436035e-01,8.497403264045715332e-01,1.307902783155441284e-01,-9.076222777366638184e-01,-1.848479986190795898e+00,-9.375870227813720703e-01,-7.675264477729797363e-01,-4.642974734306335449e-01,-2.203487902879714966e-01,-1.573359012603759766e+00,-1.374164104461669922e+00,3.534097671508789062e-01,-1.235643386840820312e+00,5.703074336051940918e-01,-6.757530570030212402e-01,-1.111447587609291077e-01,-2.035245001316070557e-01,-5.218852162361145020e-01,-1.945055872201919556e-01,1.020901679992675781e+00,-8.867515623569488525e-02,-9.263780713081359863e-01,-1.314454436302185059e+00,-7.463673353195190430e-01,1.074757725000381470e-01,-8.256966471672058105e-01,-3.181703984737396240e-01,2.288799136877059937e-01,-4.248434901237487793e-01,-1.094079375267028809e+00,1.473185300827026367e+00,-9.489704966545104980e-01,-6.463743448257446289e-01,8.409106731414794922e-01,-1.244945168495178223e+00,9.649197757244110107e-02,-1.832246422767639160e+00,2.251059561967849731e-01,-1.892116367816925049e-01,-1.069088466465473175e-02,-6.993771791458129883e-01,8.268474042415618896e-02,-1.173740148544311523e+00,1.507167696952819824e+00,1.485678434371948242e+00,-1.977261543273925781e+00,4.431427717208862305e-01,-3.187333792448043823e-02,-1.304846704006195068e-01,-1.875081211328506470e-01,1.040969610214233398e+00,1.490495651960372925e-01,-3.482098132371902466e-02,3.693994879722595215e-01,-6.524650454521179199e-01,1.270321130752563477e+00,1.977774262428283691e+00,-6.270869970321655273e-01,9.125612974166870117e-01,-1.849159598350524902e+00,-4.835430383682250977e-01,4.409849941730499268e-01,1.942028254270553589e-01,-3.126649558544158936e-01,1.224160075187683105e+00,-4.385696649551391602e-01,-9.668583869934082031e-01,-4.713040888309478760e-01,1.918298602104187012e-01,1.059651494026184082e+00,-3.175013363361358643e-01,1.918460011482238770e+00,-4.318279922008514404e-01,-6.723037362098693848e-01,5.391948223114013672e-01,1.946297883987426758e+00,-6.078131794929504395e-01,7.031281292438507080e-02,-3.712997138500213623e-01,-5.552407503128051758e-01,-1.170315444469451904e-01,1.642484068870544434e-01,1.328284144401550293e+00,-9.725617766380310059e-01,1.215253397822380066e-01,6.906567811965942383e-01,8.338553309440612793e-01,4.531641006469726562e-01,3.526243567466735840e-01,-5.581878498196601868e-02,1.587488651275634766e-01,-5.954998731613159180e-01,-1.396747708320617676e+00,7.165086269378662109e-01,2.519981861114501953e-01,2.270530909299850464e-01,-6.737453937530517578e-01,1.954036056995391846e-01,-5.905829071998596191e-01,1.234726667404174805e+00,-1.395625710487365723e+00,-4.003424644470214844e-01,-3.570589050650596619e-02,-1.398666262626647949e+00,2.802719175815582275e-01,-1.486871123313903809e+00,-1.086983680725097656e-01,6.152222752571105957e-01,-3.837411403656005859e-01,1.379918932914733887e+00,4.359874725341796875e-01,-6.508409380912780762e-01,1.569545745849609375e+00,1.054903388023376465e+00,-2.695116400718688965e-01,-2.551780641078948975e-01,1.230781316757202148e+00,-7.219322323799133301e-01,-3.065351843833923340e-01,1.014170765876770020e+00,-1.186140894889831543e+00,-7.096451520919799805e-01,2.818488180637359619e-01,-5.920850634574890137e-01,-2.079358339309692383e+00,4.395781159400939941e-01,9.877732396125793457e-02
1.155453920364379883e+00,6.969157457351684570e-01,-1.983852505683898926e+00,8.809567689895629883e-01,-8.758227229118347168e-01,1.853102445602416992e-01,-1.598119974136352539e+00,9.192761182785034180e-01,3.530629277229309082e-01,-8.378360271453857422e-01,-5.761865973472595215e-01,-1.336188316345214844e+00,-1.164081931114196777e+00,-1.054000735282897949e+00,8.790631294250488281e-01,1.413594841957092285e+00,2.419883728027343750e+00,8.092783689498901367e-01,-7.500200867652893066e-01,-3.937902450561523438e-01,-1.292244553565979004e+00,-4.266217350959777832e-01,4.104006886482238770e-01,-8.427559137344360352e-01,3.651447594165802002e-01,1.166128277778625488e+00,-1.375712633132934570e+00,-1.091891050338745117e+00,-5.262400582432746887e-02,3.309117555618286133e+00,1.485308527946472168e+00,-4.084627330303192139e-01,-1.042281389236450195e-01,-1.860122233629226685e-01,-8.009639382362365723e-01,1.210962772369384766e+00,-2.587782740592956543e-01,-5.514907240867614746e-01,-1.223660826683044434e+00,1.559380054473876953e+00,1.120682597160339355e+00,-2.241980314254760742e+00,8.600389957427978516e-01,1.377401471138000488e+00,5.415774136781692505e-02,-8.002048730850219727e-01,1.001200437545776367e+00,-2.162289321422576904e-01,-6.479679346084594727e-01,4.395448565483093262e-01,-4.965195059776306152e-02,5.546384453773498535e-01,-3.153343796730041504e-01,-1.801532134413719177e-02,-3.103084564208984375e-01,1.259123802185058594e+00,5.484667420387268066e-01,7.213364243507385254e-01,2.958240211009979248e-01,-2.169268429279327393e-01,-9.462935328483581543e-01,1.510255098342895508e+00,-1.227208137512207031e+00,1.064162850379943848e+00,2.949106991291046143e-01,1.334821939468383789e+00,1.210488557815551758e+00,-1.559140563011169434e+00,-9.376403093338012695e-01,-1.028974413871765137e+00,1.895762234926223755e-01,-5.407080054283142090e-01,1.719795823097229004e+00,-3.850093781948089600e-01,-3.978258073329925537e-01,4.558449685573577881e-01,-1.261275172233581543e+00,-1.797685861587524414e+00,1.579437971115112305e+00,9.845756739377975464e-02,8.401634693145751953e-01,5.120436549186706543e-01,-1.557209134101867676e+00,1.794543385505676270e+00,4.843540191650390625e-01,-4.975749850273132324e-01,-7.716192007064819336e-01,9.376797676086425781e-01,2.373947948217391968e-01,7.064016908407211304e-02,1.303421705961227417e-01,-9.399019479751586914e-01,-2.387214183807373047e+00,3.416385054588317871e-01,-1.101149916648864746e+00,-4.420356079936027527e-02,5.282902717590332031e-01,-7.902373075485229492e-01,5.937709212303161621e-01,1.394698262214660645e+00,-7.785423398017883301e-01,8.688298463821411133e-01,9.681141376495361328e-02,3.545975089073181152e-01,-7.469282150268554688e-01,-3.116352558135986328e-01,-5.262516736984252930e-01,-1.684671044349670410e+00,1.619681954383850098e+00,-4.808765053749084473e-01,-5.782699584960937500e-01,-3.288863897323608398e-01,3.948241770267486572e-01,7.721384763717651367e-01,1.030007079243659973e-01,1.732356667518615723e+00,1.372995823621749878e-01,8.543352484703063965e-01,1.133561015129089355e+00,1.206980228424072266e+00,8.496392369270324707e-01,1.920826919376850128e-02,5.884219408035278320e-01,1.378686070442199707e+00,-5.703059434890747070e-01,7.579317092895507812e-01,2.351186275482177734e+00,-2.910900592803955078e+00,-1.348186492919921875e+00,-1.480032086372375488e+00,-4.331622719764709473e-01,-1.912562102079391479e-01,-1.881272077560424805e+00,1.235729455947875977e+00,-1.651522666215896606e-01,8.268352746963500977e-01,-2.126153111457824707e-01,3.578755259513854980e-01,-4.415854513645172119e-01,2.315260171890258789e-01,-1.280475497245788574e+00,-6.969644427299499512e-01,-7.399137020111083984e-01,5.127902626991271973e-01,9.948886036872863770e-01,3.584786951541900635e-01,-5.977097153663635254e-01,-3.609093129634857178e-01,-1.529069662094116211e+00,-5.428434610366821289e-01,1.149847626686096191e+00,-4.598405361175537109e-01,3.084196746349334717e-01,1.020997986197471619e-01,9.451470971107482910e-01,-1.103060722351074219e+00,-6.546947360038757324e-01,5.470703244209289551e-01,-4.306887388229370117e-01,-1.425492644309997559e+00,6.469064354896545410e-01,1.132324457168579102e+00,-6.298561692237854004e-01,-2.523757219314575195e-01,1.851385980844497681e-01,-1.102514505386352539e+00,-5.300042629241943359e-01,1.920773088932037354e-01,-1.944074481725692749e-01,-1.078062176704406738e+00,4.518879354000091553e-01,-1.893363595008850098e+00,-1.155944347381591797e+00,8.028286695480346680e-01,-2.009712010622024536e-01,-6.814970374107360840e-01,-1.064863204956054688e+00,2.040641754865646362e-01,1.159000039100646973e+00,5.830478668212890625e-01,-9.753698706626892090e-01,6.622213721275329590e-01,-1.774787902832031250e-01,4.609545767307281494e-01,8.326210975646972656e-01,-3.200029134750366211e-01,-1.034919023513793945e+00,-5.610152482986450195e-01,-2.927068173885345459e-01,1.236001133918762207e+00,6.041768193244934082e-01,-3.099083304405212402e-01,2.459415435791015625e+00,2.831806242465972900e-01,-1.193300932645797729e-01,8.930158019065856934e-01,-7.040015608072280884e-02,-1.021475315093994141e+00,-5.651750564575195312e-01,-5.505900979042053223e-01
-8.615856766700744629e-01,1.202601909637451172e+00,-5.515946149826049805e-01,-1.056856274604797363e+00,4.495842754840850830e-02,-1.593871235847473145e+00,-3.568086028099060059e-01,1.253921747207641602e+00,-1.509489655494689941e+00,1.383371472358703613e+00,-2.270912826061248779e-01,-6.546272039413452148e-01,8.801243454217910767e-02,2.615297436714172363e-01,-7.611523866653442383e-01,1.701316982507705688e-01,-8.760590106248855591e-02,1.290599584579467773e+00,-7.087010741233825684e-01,4.322913587093353271e-01,-2.316939353942871094e+00,-2.661270797252655029e-01,4.499733820557594299e-02,6.918652057647705078e-01,5.108931660652160645e-01,-4.880108535289764404e-01,-6.605110764503479004e-01,-1.291232276707887650e-02,-5.518357157707214355e-01,1.446120887994766235e-01,9.889339804649353027e-01,-4.395487718284130096e-03,5.315600037574768066e-01,7.299665212631225586e-01,2.992455363273620605e-01,7.467375397682189941e-01,-3.955520689487457275e-01,1.051447749137878418e+00,-2.678304910659790039e-01,-9.301454424858093262e-01,6.286161541938781738e-01,6.766071915626525879e-01,-1.443148404359817505e-01,-4.590006470680236816e-01,7.037853598594665527e-01,-1.230017900466918945e+00,-1.692198812961578369e-01,1.102939248085021973e+00,-1.936279088258743286e-01,1.983091235160827637e-01,-2.732630372047424316e-01,-1.603784918785095215e+00,3.709725439548492432e-01,-5.194165706634521484e-01,-1.317414641380310059e+00,5.051220059394836426e-01,2.530094385147094727e-01,-1.363177061080932617e+00,-6.036539673805236816e-01,1.454680800437927246e+00,1.955369591712951660e+00,1.201305747032165527e+00,3.871267735958099365e-01,-9.225966334342956543e-01,-1.620809197425842285e+00,-4.729982018470764160e-01,-1.980003237724304199e+00,4.906038343906402588e-01,-1.039684861898422241e-01,1.843859553337097168e+00,4.772424697875976562e-01,6.685236692428588867e-01,1.094730734825134277e+00,-8.220237493515014648e-01,1.716521143913269043e+00,-6.379154920578002930e-01,-9.887157082557678223e-01,-1.252906680107116699e+00,8.654212951660156250e-01,-4.718570113182067871e-01,6.001698374748229980e-01,-6.677117943763732910e-01,-2.246824651956558228e-01,-1.480128765106201172e+00,7.907773852348327637e-01,-4.054368734359741211e-01,7.181699275970458984e-01,-8.720408678054809570e-01,-6.324496865272521973e-01,-4.639562666416168213e-01,7.011383175849914551e-01,-1.618570089340209961e+00,1.445595473051071167e-01,4.227713644504547119e-01,-1.114201173186302185e-01,3.509087264537811279e-01,-9.379038214683532715e-01,-1.003317832946777344e+00,3.929943740367889404e-01,-1.421166211366653442e-01,5.275673866271972656e-01,-8.882731944322586060e-02,-8.648235797882080078e-01,-2.801938354969024658e-01,3.553044497966766357e-01,9.643296003341674805e-01,1.374768733978271484e+00,5.588855743408203125e-01,-7.805051207542419434e-01,-5.735940933227539062e-01,-1.773567497730255127e-01,-4.544708877801895142e-02,-7.352977395057678223e-01,6.810895800590515137e-01,1.533215403556823730e+00,5.455664396286010742e-01,4.952154755592346191e-01,7.408010959625244141e-01,2.987491786479949951e-01,-3.857089579105377197e-01,-5.766676664352416992e-01,2.615058422088623047e-02,-2.284418821334838867e+00,1.321687549352645874e-01,-1.468129754066467285e-01,3.586105704307556152e-01,1.036531627178192139e-01,-1.304627180099487305e+00,4.563657045364379883e-01,-1.786665916442871094e+00,4.645682573318481445e-01,6.378414630889892578e-01,2.667870521545410156e-01,-2.079120159149169922e+00,-7.642918229103088379e-01,1.728018522262573242e+00,1.809462189674377441e+00,-6.621891260147094727e-01,-1.049940228462219238e+00,1.666253685951232910e+00,1.325929760932922363e+00,1.375695765018463135e-01,3.590901792049407959e-01,-8.869275450706481934e-02,-1.372922301292419434e+00,7.937465906143188477e-01,-6.179856657981872559e-01,9.581952355802059174e-03,1.211624383926391602e+00,2.877487242221832275e-02,-9.181648492813110352e-01,9.109706282615661621e-01,-1.571170806884765625e+00,-1.982405900955200195e+00,-1.097329139709472656e+00,3.221485316753387451e-01,5.197511315345764160e-01,7.010490894317626953e-01,-1.582183599472045898e+00,-1.087502241134643555e+00,-4.760707169771194458e-02,5.520742535591125488e-01,4.065772294998168945e-01,-3.412130177021026611e-01,5.490921735763549805e-01,-8.108657598495483398e-02,1.803454011678695679e-01,-1.290027141571044922e+00,1.265758156776428223e+00,7.094958424568176270e-01,2.291526496410369873e-01,4.192186892032623291e-01,-1.899294555187225342e-01,4.140496551990509033e-01,-2.845869362354278564e-01,-8.946077823638916016e-01,-4.712415039539337158e-01,-2.547779083251953125e-01,7.642450742423534393e-03,9.971801638603210449e-01,-1.239824414253234863e+00,4.480768442153930664e-01,6.821897029876708984e-01,-5.099939703941345215e-01,5.725502967834472656e-01,1.058125138282775879e+00,-2.682840585708618164e+00,-6.792286634445190430e-01,1.747776985168457031e+00,-4.805336594581604004e-01,-5.863772705197334290e-03,2.363018542528152466e-01,2.343026399612426758e-01,-1.643751144409179688e+00,-4.949304163455963135e-01,5.126624107360839844e-01,-3.901339769363403320e-01,-4.156562983989715576e-01,1.395871758460998535e+00,-8.898800611495971680e-01
1.783297508955001831e-01,2.120112895965576172e+00,6.226775646209716797e-01,-8.486411571502685547e-01,4.088098108768463135e-01,-1.924223005771636963e-01,-2.744121551513671875e-01,-4.729773402214050293e-01,6.836611628532409668e-01,1.210897713899612427e-01,3.341707289218902588e-01,-1.289299368858337402e+00,-7.732991576194763184e-01,1.443625688552856445e+00,-1.288941860198974609e+00,4.374378323554992676e-01,1.138641834259033203e-01,-8.818063139915466309e-01,2.347261190414428711e+00,2.887305736541748047e+00,2.133326679468154907e-01,-9.297532439231872559e-01,6.166307330131530762e-01,-6.324976682662963867e-02,5.186088085174560547e-01,-1.017063617706298828e+00,-1.436514377593994141e+00,1.057039618492126465e+00,1.766275763511657715e+00,5.861470699310302734e-01,-1.360960364341735840e+00,-1.218986064195632935e-01,8.382164239883422852e-01,-1.592894196510314941e+00,9.628055691719055176e-01,1.501720190048217773e+00,2.408646583557128906e+00,-8.213659524917602539e-01,-9.004880189895629883e-01,1.529076993465423584e-01,-3.944031000137329102e-01,2.507639229297637939e-01,-1.115008473396301270e+00,-2.859887182712554932e-01,2.519211769104003906e-01,1.074039936065673828e+00,-8.662530779838562012e-02,-3.723021745681762695e-01,2.389855086803436279e-01,2.709141969680786133e-01,-2.452681213617324829e-01,-3.991970419883728027e-01,5.560780167579650879e-01,1.129811882972717285e+00,2.158389568328857422e+00,3.318094909191131592e-01,-5.029970407485961914e-01,7.512842416763305664e-01,-6.963781118392944336e-01,4.126442670822143555e-01,-7.368378639221191406e-01,3.002713620662689209e-01,-9.772998690605163574e-01,-1.063812494277954102e+00,-5.066720303148031235e-03,-4.951866865158081055e-01,-2.397185564041137695e-01,1.705984920263290405e-01,-1.407440900802612305e+00,8.840050548315048218e-02,-4.509792029857635498e-01,-4.993034303188323975e-01,-9.689903259277343750e-01,1.116840615868568420e-01,7.176049947738647461e-01,-5.467193126678466797e-01,-3.553167879581451416e-01,-5.257387757301330566e-01,-1.113033890724182129e+00,3.406997919082641602e-01,-4.083558619022369385e-01,-8.118285536766052246e-01,9.390075206756591797e-01,-8.200538158416748047e-01,1.721754670143127441e-01,-3.653255999088287354e-01,-1.512160062789916992e+00,-1.926164507865905762e+00,7.543846368789672852e-01,2.135708332061767578e+00,-2.510688900947570801e-01,-6.193754673004150391e-01,8.425797224044799805e-01,3.837346732616424561e-01,1.038719058036804199e+00,-1.095936059951782227e+00,-9.644857794046401978e-02,-3.823492825031280518e-01,-8.373150229454040527e-01,-4.236754775047302246e-02,-6.638809293508529663e-02,2.105925321578979492e+00,5.107703208923339844e-01,5.892997384071350098e-01,-8.063895702362060547e-01,1.512978196144104004e+00,-6.097123622894287109e-01,1.524620652198791504e+00,-3.924074470996856689e-01,3.229006826877593994e-01,-2.432256340980529785e-01,-4.931954741477966309e-01,-2.561253607273101807e-01,9.627584815025329590e-01,5.644543766975402832e-01,8.643150925636291504e-01,-5.299223661422729492e-01,2.055698633193969727e-01,8.029810786247253418e-01,-1.231917738914489746e+00,-1.751991659402847290e-01,-8.278205394744873047e-01,-2.275753468275070190e-01,1.988584697246551514e-01,1.515703797340393066e-01,-9.892073273658752441e-01,5.911617875099182129e-01,-9.206337928771972656e-01,1.906807273626327515e-01,3.542004227638244629e-01,-9.660058021545410156e-01,-8.354008793830871582e-01,1.841420650482177734e+00,1.272350549697875977e-01,2.210286140441894531e+00,-1.140840411186218262e+00,-1.608573555946350098e+00,-8.771927952766418457e-01,8.965948224067687988e-01,-1.216360449790954590e+00,-2.656013965606689453e-01,-5.236751437187194824e-01,-1.993410587310791016e-01,-1.220025867223739624e-01,7.658105343580245972e-02,1.068876504898071289e+00,2.919175624847412109e-01,2.994048967957496643e-02,2.756025791168212891e-01,-8.638674616813659668e-01,1.990184783935546875e-01,-9.788810014724731445e-01,9.451023936271667480e-01,-6.724894642829895020e-01,-8.377565145492553711e-01,1.004057377576828003e-01,-9.796761721372604370e-02,-3.404558449983596802e-02,-3.867434710264205933e-02,-8.052138090133666992e-01,-1.263008862733840942e-01,-4.719188213348388672e-01,5.739656686782836914e-01,-1.583234310150146484e+00,1.903819441795349121e-01,-2.537689208984375000e-01,-1.519700407981872559e+00,-2.900186181068420410e-01,-6.832311153411865234e-01,3.126845359802246094e-01,-9.212443232536315918e-01,1.016281604766845703e+00,-6.473595499992370605e-01,-1.020737409591674805e+00,-2.073004692792892456e-01,5.121491551399230957e-01,-6.385139822959899902e-01,3.367384076118469238e-01,9.125933051109313965e-01,3.213427364826202393e-01,4.207077249884605408e-02,7.397199869155883789e-01,-6.802977919578552246e-01,-1.268085122108459473e+00,-1.186033964157104492e+00,8.145764470100402832e-02,2.495457172393798828e+00,1.484463810920715332e+00,-3.338977694511413574e-01,-1.040770411491394043e+00,6.864532083272933960e-02,9.963302612304687500e-01,1.920510642230510712e-02,-2.520145654678344727e+00,-1.682540625333786011e-01,1.559107780456542969e+00,-2.540349364280700684e-01,-1.848100423812866211e-01,4.788985848426818848e-01,-6.809582114219665527e-01
2.967129647731781006e-01,-2.970484457910060883e-02,1.086394309997558594e+00,-4.708818793296813965e-01,-2.042455822229385376e-01,6.840272545814514160e-01,1.577185392379760742e+00,-6.225525736808776855e-01,-7.844374179840087891e-01,1.134414792060852051e+00,6.372028589248657227e-01,-1.088498353958129883e+00,-2.403066605329513550e-01,8.840821385383605957e-01,2.630881667137145996e-01,-6.219923496246337891e-01,-3.138087987899780273e-01,1.227593541145324707e+00,7.447814196348190308e-02,-1.940724015235900879e+00,5.832266807556152344e-01,1.081996038556098938e-01,-5.436232686042785645e-01,2.273373603820800781e+00,-1.180464982986450195e+00,1.322725534439086914e+00,-3.282238170504570007e-02,-1.188351139426231384e-01,7.589574456214904785e-01,1.132040023803710938e+00,1.137454584240913391e-01,-9.450183063745498657e-02,-1.435659289360046387e+00,-8.952894210815429688e-01,8.907456398010253906e-01,1.522780895233154297e+00,5.887466073036193848e-01,1.688748002052307129e-01,-1.585041642189025879e+00,5.642672181129455566e-01,1.499223589897155762e+00,-1.999806404113769531e+00,1.215686649084091187e-01,-2.157412171363830566e-01,-9.753281474113464355e-01,3.641004860401153564e-01,5.070182085037231445e-01,-4.331268668174743652e-01,-1.117024064064025879e+00,-6.650456786155700684e-01,6.650340557098388672e-01,-2.904413342475891113e-01,1.852051258087158203e+00,3.580138087272644043e-01,8.976089768111705780e-03,-3.811193108558654785e-01,-1.934987157583236694e-01,-6.471006274223327637e-01,5.564092993736267090e-01,9.230133295059204102e-01,-1.505735278129577637e+00,1.558261215686798096e-01,-1.759880423545837402e+00,-1.087189912796020508e-01,8.600865006446838379e-01,-1.702796578407287598e+00,-7.482780218124389648e-01,2.475015968084335327e-01,-1.388044238090515137e+00,5.879538655281066895e-01,2.917424738407135010e-01,7.521734237670898438e-01,-7.992925643920898438e-01,9.794857501983642578e-01,-9.897840023040771484e-01,-6.164745613932609558e-02,4.257283806800842285e-01,9.741998463869094849e-02,-4.582170844078063965e-01,-1.011890649795532227e+00,1.664804294705390930e-02,-3.952932059764862061e-01,1.801192015409469604e-01,-1.264026045799255371e+00,-1.561885923147201538e-01,-1.215974316000938416e-01,1.317080616950988770e+00,-6.129866242408752441e-01,-9.517230391502380371e-01,-1.694622159004211426e+00,2.158767729997634888e-01,4.716262593865394592e-02,-6.648177504539489746e-01,-1.670997500419616699e+00,-9.130110740661621094e-01,-6.897559762001037598e-02,6.661573052406311035e-01,-6.007691621780395508e-01,3.044999241828918457e-01,5.548729300498962402e-01,-1.342873334884643555e+00,9.454435706138610840e-01,9.112789034843444824e-01,-1.197241544723510742e+00,-1.607702255249023438e+00,2.128306925296783447e-01,-8.176292181015014648e-01,-3.307794407010078430e-02,-8.141767382621765137e-01,9.539707303047180176e-01,6.954753398895263672e-01,5.261061787605285645e-01,8.562036156654357910e-01,-6.238622590899467468e-02,-7.212162613868713379e-01,3.650132194161415100e-02,7.765706777572631836e-01,-4.743105173110961914e-01,-8.813748955726623535e-01,-6.691309809684753418e-01,-2.723590098321437836e-02,-8.204257488250732422e-01,-4.109252095222473145e-01,-1.999897062778472900e-01,9.920433163642883301e-01,2.985409200191497803e-01,2.291631937026977539e+00,9.946861863136291504e-01,1.753930002450942993e-01,3.043898642063140869e-01,3.074082732200622559e-01,-1.009347885847091675e-01,3.684154152870178223e-01,-2.089223146438598633e+00,-7.731916904449462891e-01,8.585180044174194336e-01,5.780495330691337585e-02,-1.605207324028015137e-01,5.423763990402221680e-01,-1.165323972702026367e+00,1.567913144826889038e-01,-3.026671111583709717e-01,-5.871587991714477539e-01,3.030129969120025635e-01,8.970416188240051270e-01,-4.629720151424407959e-01,2.187729835510253906e+00,-4.046128094196319580e-01,-9.501220583915710449e-01,-1.097294449806213379e+00,9.478800296783447266e-01,1.360942721366882324e+00,7.885802537202835083e-02,-8.538100123405456543e-01,-4.762139916419982910e-01,3.680613636970520020e-01,1.752921752631664276e-02,1.643756985664367676e+00,2.662851333618164062e+00,3.406197428703308105e-01,-4.163391292095184326e-01,1.672945022583007812e+00,-8.433820009231567383e-01,-1.028312146663665771e-01,-3.493920341134071350e-02,1.618252098560333252e-01,-2.499779939651489258e+00,-2.843932807445526123e-01,1.459471464157104492e+00,-1.483745932579040527e+00,-1.376585960388183594e+00,1.775423884391784668e-01,-4.322862327098846436e-01,-1.379848361015319824e+00,-1.423213124275207520e+00,1.472116827964782715e+00,-2.534543573856353760e-01,-9.562954306602478027e-01,2.356279373168945312e+00,-8.500927090644836426e-01,-1.190285563468933105e+00,-1.505035907030105591e-01,-1.959535837173461914e+00,-1.320402026176452637e-01,3.610460758209228516e-01,3.882975578308105469e-01,8.583123087882995605e-01,-2.123695164918899536e-01,1.221532523632049561e-01,1.488462239503860474e-01,-2.653546035289764404e-01,-2.815254628658294678e-01,2.301793575286865234e+00,-2.025883913040161133e+00,1.348998069763183594e+00,3.991310894489288330e-01,-9.545678645372390747e-02,-5.915170907974243164e-01,-4.139789640903472900e-01,3.866004347801208496e-01
-1.947438597679138184e+00,1.083695411682128906e+00,4.871842563152313232e-01,3.615628182888031006e-02,5.792429447174072266e-01,7.152955979108810425e-02,6.649098992347717285e-01,-1.435282468795776367e+00,-7.646774053573608398e-01,-5.474256873130798340e-01,7.743877768516540527e-01,6.861032247543334961e-01,-6.204744800925254822e-02,1.629237085580825806e-01,7.684205174446105957e-01,-3.236659988760948181e-02,5.623376965522766113e-01,1.611547768115997314e-01,-3.006880730390548706e-02,-3.325248360633850098e-01,9.697964191436767578e-01,2.679855525493621826e-01,2.070492029190063477e+00,-2.893036603927612305e-01,8.614830374717712402e-01,-5.756993889808654785e-01,5.092701911926269531e-01,4.464913308620452881e-01,8.737546801567077637e-01,1.895390629768371582e+00,2.073006391525268555e+00,-8.105756044387817383e-01,3.146656155586242676e-01,8.247345089912414551e-01,-7.265491783618927002e-02,-3.893603086471557617e-01,-2.702791094779968262e-01,6.764910221099853516e-01,3.279555737972259521e-01,-2.651777267456054688e-01,-2.175173163414001465e-01,-1.100154757499694824e+00,2.812401354312896729e-01,6.784993410110473633e-01,-5.673192739486694336e-01,-6.200986504554748535e-01,1.007059097290039062e+00,5.763106793165206909e-02,-1.584840536117553711e+00,8.382635116577148438e-01,-2.520323395729064941e-01,1.745242714881896973e+00,-1.434314727783203125e+00,6.871104836463928223e-01,-8.401767015457153320e-01,-9.235294163227081299e-02,-6.521731019020080566e-01,1.321675926446914673e-01,-2.232420146465301514e-01,4.850515425205230713e-01,3.931314349174499512e-01,2.942904233932495117e-01,1.383812069892883301e+00,3.308081030845642090e-01,1.362533092498779297e+00,1.248057126998901367e+00,-7.671219706535339355e-01,-4.640424251556396484e-01,-2.586163282394409180e-01,-9.545431733131408691e-01,-1.154204368591308594e+00,-1.910829171538352966e-02,-8.782587647438049316e-01,-4.172834753990173340e-01,-9.236871004104614258e-01,-4.040310680866241455e-01,5.300762057304382324e-01,9.279770255088806152e-01,-1.079075932502746582e+00,6.906308531761169434e-01,-5.383107066154479980e-01,-3.398611843585968018e-01,7.982786893844604492e-01,5.494447350502014160e-01,1.054579988121986389e-01,-6.794162392616271973e-01,1.593649148941040039e+00,-2.876642942428588867e-01,3.843558132648468018e-01,6.026729941368103027e-01,1.593319654464721680e+00,2.605316042900085449e-01,-1.799134254455566406e+00,-9.912602901458740234e-01,-1.632513880729675293e+00,-2.686386108398437500e-01,-2.936687469482421875e-01,5.045812129974365234e-01,5.118051767349243164e-01,1.934587717056274414e+00,-8.723574876785278320e-01,-7.635660171508789062e-01,8.486248850822448730e-01,6.814683079719543457e-01,3.726928532123565674e-01,8.264678716659545898e-01,-2.841322682797908783e-02,-1.293901324272155762e+00,-1.179460644721984863e+00,2.923551797866821289e-01,-1.915842592716217041e-01,-1.574570536613464355e+00,-7.875064611434936523e-01,-7.444546371698379517e-02,-5.168353915214538574e-01,-2.588886767625808716e-02,5.655345916748046875e-01,6.346134003251791000e-03,5.611746311187744141e-01,9.620053768157958984e-01,1.070904731750488281e+00,7.936354279518127441e-01,-2.233703434467315674e-01,1.125384807586669922e+00,-2.144335746765136719e+00,1.177209854125976562e+00,-2.439321875572204590e-01,1.828280806541442871e+00,6.405845284461975098e-02,-3.081948459148406982e-01,-1.269676238298416138e-01,6.336814165115356445e-01,1.681252002716064453e+00,1.397160053253173828e+00,7.765474915504455566e-01,-1.052006706595420837e-01,1.091259479522705078e+00,-4.911754131317138672e-01,1.905499458312988281e+00,-4.463681206107139587e-02,1.694111824035644531e-01,1.521421432495117188e+00,1.762719631195068359e+00,-7.386783957481384277e-01,-1.763319015502929688e+00,-8.394502401351928711e-01,-1.431118607521057129e+00,6.668861508369445801e-01,-7.850813865661621094e-01,-2.749699950218200684e-01,-1.952906608581542969e+00,1.167294502258300781e+00,-8.023123145103454590e-01,-3.474402129650115967e-01,-3.796437382698059082e-01,4.953652024269104004e-01,7.127749919891357422e-01,-4.224080145359039307e-01,-6.537938714027404785e-01,-9.716240167617797852e-01,-1.608206272125244141e+00,-1.072297215461730957e+00,5.505474209785461426e-01,2.924682796001434326e-01,1.836260914802551270e+00,6.698497533798217773e-01,-1.754911661148071289e+00,6.958171725273132324e-01,-4.696140438318252563e-02,-3.936758339405059814e-01,-1.405035406351089478e-01,5.212082266807556152e-01,6.605973243713378906e-01,-5.348969697952270508e-01,1.734027825295925140e-02,3.951825499534606934e-01,-1.245695114135742188e+00,1.293100267648696899e-01,6.818993091583251953e-01,1.608479738235473633e+00,-3.228380680084228516e-01,5.613318681716918945e-01,-1.841830134391784668e+00,5.669685825705528259e-02,7.862779498100280762e-01,-4.304834008216857910e-01,3.142392933368682861e-01,9.853498935699462891e-01,-8.870153874158859253e-02,1.076921582221984863e+00,-4.377759993076324463e-02,3.267217874526977539e-01,-3.444230556488037109e-02,-1.628531694412231445e+00,-6.195861101150512695e-01,6.774160861968994141e-01,2.229647159576416016e+00,-1.299633860588073730e+00,-1.441596269607543945e+00,-8.951678276062011719e-01
-3.242665231227874756e-01,-1.004633545875549316e+00,-9.436746835708618164e-01,-1.492929365485906601e-02,-8.828760385513305664e-01,1.055471658706665039e+00,4.322937726974487305e-01,-2.938401401042938232e-01,3.685229122638702393e-01,3.148918151855468750e-01,2.392012476921081543e-01,-3.548708260059356689e-01,2.131875008344650269e-01,9.575693309307098389e-02,2.935825586318969727e-01,4.706363677978515625e-01,-3.926282525062561035e-01,7.390139102935791016e-01,-1.485551476478576660e+00,1.081236958503723145e+00,-9.886859655380249023e-01,1.694944500923156738e-01,1.776909351348876953e+00,2.611548304557800293e-01,1.650298118591308594e+00,-4.362880289554595947e-01,-1.490143179893493652e+00,1.238868117332458496e+00,1.578982353210449219e+00,-2.101847410202026367e+00,3.792171925306320190e-02,2.147160053253173828e+00,2.133538722991943359e-01,-8.012773096561431885e-02,2.968612015247344971e-01,9.620102047920227051e-01,1.747953295707702637e+00,-1.808927059173583984e-01,-2.709148228168487549e-01,3.334265202283859253e-02,1.126030445098876953e+00,-1.092558503150939941e+00,7.448632121086120605e-01,1.908165216445922852e-01,-1.065880775451660156e+00,-2.652336061000823975e-01,9.401409626007080078e-01,7.009994387626647949e-01,-1.148888394236564636e-01,5.240941643714904785e-01,-1.216232404112815857e-01,1.263475060462951660e+00,1.560436785221099854e-01,-1.129312217235565186e-01,2.137133598327636719e+00,9.426301121711730957e-01,-1.298921823501586914e+00,-5.824321508407592773e-01,5.136502981185913086e-01,-1.610553741455078125e+00,-4.131044447422027588e-01,-1.772978544235229492e+00,-6.940458714962005615e-02,8.749465942382812500e-01,3.175074458122253418e-01,-2.079854160547256470e-01,-1.239830255508422852e+00,-5.527350306510925293e-01,-1.287800312042236328e+00,2.231962442398071289e+00,7.097702026367187500e-01,1.513768881559371948e-01,-1.606891274452209473e+00,-8.678838610649108887e-01,-2.817198932170867920e-01,1.635582566261291504e+00,7.003729939460754395e-01,-1.228917479515075684e+00,1.480717420578002930e+00,6.081331372261047363e-01,1.054620265960693359e+00,-9.262746572494506836e-01,-3.921295106410980225e-01,6.663377285003662109e-01,5.293351132422685623e-03,1.408622503280639648e+00,1.390484690666198730e+00,1.002138573676347733e-02,-2.188548564910888672e+00,-1.841228961944580078e+00,8.015064597129821777e-01,9.009919315576553345e-02,-6.061410903930664062e-01,1.544628977775573730e+00,1.206225275993347168e+00,1.918655991554260254e+00,-8.957817554473876953e-01,9.850330352783203125e-01,-3.857383131980895996e-02,1.151501893997192383e+00,-1.773506045341491699e+00,1.491173863410949707e+00,-7.545954585075378418e-01,1.120868086814880371e+00,-3.394639492034912109e-01,-1.398235440254211426e+00,-8.272702246904373169e-02,3.903621733188629150e-01,-3.764279782772064209e-01,-1.065222620964050293e+00,1.658146679401397705e-01,5.268152952194213867e-01,-1.365092396736145020e-01,-7.850847244262695312e-01,-1.309899926185607910e+00,-8.104566931724548340e-01,-3.855673372745513916e-01,-6.615339517593383789e-01,-2.727169990539550781e-01,-8.114991784095764160e-01,-1.298064351081848145e+00,8.808001875877380371e-01,-5.190645456314086914e-01,-1.692218780517578125e+00,-1.772544860839843750e+00,-1.654944777488708496e+00,-1.047061324119567871e+00,3.077810704708099365e-01,2.543205320835113525e-01,-6.866185665130615234e-01,-3.608456552028656006e-01,1.179690286517143250e-01,-5.870928168296813965e-01,-1.931681275367736816e+00,-3.681793212890625000e-01,-8.356608450412750244e-02,5.263876318931579590e-01,2.205952554941177368e-01,8.109964430332183838e-02,-1.398747205734252930e+00,2.000600099563598633e-01,-1.248395517468452454e-01,1.228640794754028320e+00,7.413280010223388672e-02,-6.520382165908813477e-01,5.178089737892150879e-01,-1.938168853521347046e-01,1.015463829040527344e+00,-5.190103650093078613e-01,-8.855729699134826660e-01,1.101997852325439453e+00,1.184704184532165527e+00,2.659264802932739258e-01,1.162010908126831055e+00,-2.673476934432983398e-01,1.905647106468677521e-02,-1.234021559357643127e-01,1.018004894256591797e+00,-5.029123425483703613e-01,-7.799725234508514404e-02,2.287918090820312500e+00,1.784670352935791016e-01,-5.889053344726562500e-01,-7.001006007194519043e-01,5.879187583923339844e-01,1.027299642562866211e+00,-7.567819356918334961e-01,1.635165810585021973e+00,4.816514551639556885e-01,-8.833329081535339355e-01,1.218202233314514160e+00,5.175961256027221680e-01,-3.508194983005523682e-01,1.169520974159240723e+00,1.900619506835937500e+00,-8.915681838989257812e-01,-8.148354887962341309e-01,-2.400614023208618164e-01,-1.601407229900360107e-01,1.253386974334716797e+00,6.037256121635437012e-01,1.718707531690597534e-01,5.314150080084800720e-02,1.126675605773925781e+00,1.058906435966491699e+00,1.133991837501525879e+00,-8.225905895233154297e-01,7.788995504379272461e-01,1.681488633155822754e+00,7.288529872894287109e-01,1.184084534645080566e+00,9.542744606733322144e-02,4.622946381568908691e-01,-2.997483909130096436e-01,6.798622608184814453e-01,-1.234976053237915039e+00,-9.878768771886825562e-02,1.095095992088317871e+00,7.757788300514221191e-01,3.004390299320220947e-01
-1.038766503334045410e+00,1.132642984390258789e+00,-8.034769445657730103e-03,2.391906082630157471e-02,1.755915999412536621e+00,8.011839985847473145e-01,-1.071329712867736816e+00,1.784729957580566406e+00,1.610915422439575195e+00,2.025223255157470703e+00,4.140159785747528076e-01,1.174925327301025391e+00,9.609299898147583008e-01,1.258946061134338379e+00,8.588506579399108887e-01,-2.293766885995864868e-01,1.544162750244140625e+00,-4.203599393367767334e-01,-2.555099129676818848e-02,-1.273528635501861572e-01,-1.795361340045928955e-01,1.040385246276855469e+00,9.830231666564941406e-01,1.140667676925659180e+00,8.248103260993957520e-01,-5.997983217239379883e-01,1.075622677803039551e+00,4.693181067705154419e-02,-2.941460907459259033e-01,4.177305400371551514e-01,1.131040215492248535e+00,-1.892628908157348633e+00,3.524459004402160645e-01,-2.010150551795959473e-01,4.178485572338104248e-01,-3.381526172161102295e-01,-3.035765588283538818e-01,8.399864435195922852e-01,2.133875042200088501e-01,-2.146533012390136719e+00,1.202944368124008179e-01,1.099639981985092163e-01,2.175718545913696289e+00,2.601320743560791016e-01,-1.421913802623748779e-01,1.003352284431457520e+00,-7.715101242065429688e-01,-1.192188501358032227e+00,-7.523587346076965332e-02,-2.417813777923583984e+00,3.091616928577423096e-01,2.982192635536193848e-01,-1.144144982099533081e-01,1.136888027191162109e+00,-6.383695602416992188e-01,-8.119980692863464355e-01,6.729763746261596680e-01,2.234227061271667480e-01,-5.955141186714172363e-01,4.684568047523498535e-01,1.246576189994812012e+00,1.593767881393432617e+00,5.411239266395568848e-01,4.293517768383026123e-01,3.435685336589813232e-01,8.457152843475341797e-01,-8.463169336318969727e-01,1.242178082466125488e+00,3.452303707599639893e-01,-1.654561042785644531e+00,9.266197681427001953e-01,-3.273880854249000549e-02,8.442730456590652466e-02,4.059424102306365967e-01,3.179209679365158081e-02,-1.298512339591979980e+00,3.919384479522705078e-01,1.660448908805847168e-01,-3.932116925716400146e-01,-1.102586150169372559e+00,-2.291324138641357422e+00,-1.575803160667419434e+00,-6.852905750274658203e-01,-3.762772977352142334e-01,-3.462002873420715332e-01,1.434211134910583496e+00,-3.732282295823097229e-02,1.899800062179565430e+00,7.989664673805236816e-01,2.176942527294158936e-01,-1.183771610260009766e+00,-4.563653767108917236e-01,-3.494758009910583496e-01,8.854569792747497559e-01,-1.134307384490966797e+00,-1.576951384544372559e+00,1.346397399902343750e+00,-1.315888762474060059e+00,7.514384388923645020e-01,5.699915885925292969e-01,-2.001379251480102539e+00,-8.989801406860351562e-01,-1.028029561042785645e+00,7.326568961143493652e-01,5.211106538772583008e-01,-4.682817161083221436e-01,-9.216035008430480957e-01,1.696248769760131836e+00,-1.469009399414062500e+00,1.830823302268981934e+00,1.384153515100479126e-01,1.097555518150329590e+00,1.356230497360229492e+00,-1.791097879409790039e+00,-6.262957453727722168e-01,-1.081332683563232422e+00,-3.059668779373168945e+00,9.058939814567565918e-01,5.074313282966613770e-01,-1.495947241783142090e+00,1.858535289764404297e+00,-8.905325531959533691e-01,-4.742904305458068848e-01,-3.838601410388946533e-01,5.351903438568115234e-01,-1.681308895349502563e-01,-6.603322178125381470e-02,6.730514764785766602e-01,1.472302317619323730e+00,7.309017777442932129e-01,7.812185287475585938e-01,1.281490087509155273e+00,-3.110850453376770020e-01,-6.074720621109008789e-01,-3.925395309925079346e-01,-4.399621859192848206e-02,-4.885058104991912842e-01,-4.255890548229217529e-01,3.844645917415618896e-01,8.070625066757202148e-01,-8.078553713858127594e-03,-1.721808463335037231e-01,-2.360341995954513550e-01,8.619835376739501953e-01,-1.470894813537597656e+00,-4.518201947212219238e-01,-1.119405150413513184e+00,2.741215229034423828e+00,-2.200145721435546875e+00,1.022577166557312012e+00,-1.519927829504013062e-01,1.220128774642944336e+00,-8.727698922157287598e-01,-1.223743319511413574e+00,-1.230479598045349121e+00,-3.372476249933242798e-02,6.363218426704406738e-01,-9.039978981018066406e-01,2.437127083539962769e-01,1.230634078383445740e-01,5.940751433372497559e-01,-1.529485940933227539e+00,-5.853593945503234863e-01,-6.221209168434143066e-01,-3.351282477378845215e-01,1.036957979202270508e+00,8.866330981254577637e-01,1.228389739990234375e+00,-6.011602878570556641e-01,3.407273292541503906e+00,-4.395376145839691162e-01,-1.276497989892959595e-01,-1.055443763732910156e+00,-1.598286271095275879e+00,7.689519524574279785e-01,-1.166493177413940430e+00,-7.368527054786682129e-01,1.179230928421020508e+00,7.602459788322448730e-01,3.857911229133605957e-01,-1.143798470497131348e+00,-2.398935146629810333e-02,2.487167268991470337e-01,6.681930422782897949e-01,-6.918717641383409500e-03,-1.204784631729125977e+00,-4.272500574588775635e-01,-9.694965481758117676e-01,5.732986330986022949e-01,-3.651737272739410400e-01,-2.300526499748229980e-01,-6.875653862953186035e-01,1.248461723327636719e+00,-6.286769509315490723e-01,-2.286210060119628906e+00,1.500602364540100098e+00,1.455730199813842773e-01,4.131248593330383301e-01,-6.168549880385398865e-02,1.380766630172729492e+00
-5.969890952110290527e-01,8.122965693473815918e-01,-2.928870916366577148e-01,-1.469807863235473633e+00,5.790707468986511230e-01,-1.206561207771301270e+00,3.810857534408569336e-01,-8.215524554252624512e-01,1.401928186416625977e+00,-1.295805871486663818e-01,-6.131542325019836426e-01,-6.078361272811889648e-01,3.336194455623626709e-01,4.019299149513244629e-01,-5.674241781234741211e-01,-5.905052274465560913e-02,6.423913836479187012e-01,9.342568516731262207e-01,-1.249359726905822754e+00,-7.476104497909545898e-01,-1.497166454792022705e-01,1.925670266151428223e+00,-1.237786188721656799e-01,2.742351293563842773e-01,6.156006455421447754e-01,-1.079877257347106934e+00,-1.305661082267761230e+00,-2.925743162631988525e-01,-4.429399967193603516e-02,-2.327197313308715820e+00,-4.969795048236846924e-01,1.373497396707534790e-01,1.380690693855285645e+00,-6.853504776954650879e-01,4.271109104156494141e-01,6.422311067581176758e-01,-2.608947455883026123e-01,-3.598490953445434570e-01,-2.006531953811645508e+00,-3.457225561141967773e-01,1.334818005561828613e+00,1.061014924198389053e-02,-1.150699108839035034e-01,2.816382646560668945e-01,-3.850801885128021240e-01,-9.015780091285705566e-01,6.796452999114990234e-01,4.211487174034118652e-01,1.061998844146728516e+00,1.275692224502563477e+00,-1.522272467613220215e+00,4.353694319725036621e-01,-1.736260205507278442e-02,-1.971279233694076538e-01,-1.124622374773025513e-01,-8.322259187698364258e-01,6.280998587608337402e-01,4.951252937316894531e-01,1.072452306747436523e+00,-5.677106380462646484e-01,7.021867632865905762e-01,5.302162766456604004e-01,-7.164788842201232910e-01,-2.419134825468063354e-01,2.112858533859252930e+00,1.736463785171508789e+00,3.535814285278320312e-01,4.956747218966484070e-02,1.310076713562011719e+00,-6.879636049270629883e-01,-3.441455960273742676e-01,1.581000208854675293e+00,-1.573260426521301270e+00,-5.847393870353698730e-01,1.103384733200073242e+00,1.690659672021865845e-01,-7.678937911987304688e-01,-1.767413318157196045e-01,-8.155988156795501709e-02,-6.359956860542297363e-01,1.910315901041030884e-01,-3.702264726161956787e-01,-7.676975131034851074e-01,1.265936613082885742e+00,-8.470635414123535156e-01,1.107830882072448730e+00,-7.661262154579162598e-01,1.545790910720825195e+00,-8.782103061676025391e-01,1.205515980720520020e+00,-1.713311910629272461e+00,-2.731469869613647461e-01,-4.225562512874603271e-01,4.798642992973327637e-01,-1.371021270751953125e+00,8.938269317150115967e-02,-1.973052024841308594e+00,-5.668813586235046387e-01,7.365358471870422363e-01,-2.353486418724060059e-01,-3.803700208663940430e-01,-4.314236342906951904e-01,7.814533710479736328e-01,1.671607613563537598e+00,2.591063976287841797e-01,1.004850029945373535e+00,-3.724844455718994141e-01,6.602134704589843750e-01,6.457290798425674438e-02,1.775697767734527588e-01,8.282414078712463379e-01,-7.720290422439575195e-01,-2.678483963012695312e+00,8.794260770082473755e-02,-1.581327080726623535e+00,-5.268281325697898865e-02,-2.116934210062026978e-02,2.253202438354492188e+00,-5.412372946739196777e-01,-7.163940072059631348e-01,5.884391665458679199e-01,5.947696566581726074e-01,-6.550518274307250977e-01,-1.236228704452514648e+00,-8.570926785469055176e-01,1.454674452543258667e-01,7.736833095550537109e-01,-7.394310832023620605e-01,5.659819766879081726e-02,4.091379642486572266e-01,-6.658102869987487793e-01,1.901819705963134766e+00,-3.990074694156646729e-01,3.567616343498229980e-01,-8.356566429138183594e-01,1.629114627838134766e+00,1.069146752357482910e+00,1.417922735214233398e+00,8.209498524665832520e-01,6.671647429466247559e-01,1.288765311241149902e+00,1.748708963394165039e+00,1.798698782920837402e+00,1.111517667770385742e+00,-1.382391571998596191e+00,-2.431616038084030151e-01,7.326925545930862427e-02,3.237443864345550537e-01,3.863497674465179443e-01,3.399749100208282471e-01,-1.130935311317443848e+00,-9.666905403137207031e-01,1.039698600769042969e+00,1.339962720870971680e+00,1.437020063400268555e+00,-3.309778869152069092e-01,-1.875343769788742065e-01,-3.558243215084075928e-01,-9.039645791053771973e-01,1.754955291748046875e+00,8.007467985153198242e-01,-7.465474605560302734e-01,5.470712780952453613e-01,-1.377638727426528931e-01,6.886772513389587402e-01,6.835959106683731079e-02,-6.341270208358764648e-01,3.420839309692382812e-01,4.380055144429206848e-02,5.343292951583862305e-01,-8.335999250411987305e-01,-6.460199952125549316e-01,1.264489889144897461e+00,-1.003899350762367249e-01,9.355896711349487305e-01,2.205156236886978149e-01,-8.483585119247436523e-01,1.059886217117309570e+00,-7.898714542388916016e-01,-2.781909704208374023e+00,-7.250999212265014648e-01,7.695182412862777710e-02,-4.189250990748405457e-02,-7.442648410797119141e-01,6.503939628601074219e-01,1.584915965795516968e-01,7.355278134346008301e-01,-7.404639720916748047e-01,-1.104051589965820312e+00,1.197771653532981873e-01,4.260046184062957764e-01,-1.206467628479003906e+00,6.974439024925231934e-01,2.620690584182739258e+00,7.397502660751342773e-01,2.335826605558395386e-01,-2.090677618980407715e-01,-6.841773390769958496e-01,5.973536968231201172e-01,9.341469407081604004e-01
8.124098777770996094e-01,2.020888626575469971e-01,-6.333956122398376465e-01,-1.755788683891296387e+00,1.523170322179794312e-01,-2.346978336572647095e-02,9.097017049789428711e-01,8.830465674400329590e-01,-1.815218925476074219e-01,2.543025910854339600e-01,-3.395200073719024658e-01,2.812143862247467041e-01,2.080627918243408203e+00,-1.699868798255920410e+00,4.614183008670806885e-01,2.213629521429538727e-02,-3.248695433139801025e-01,-8.675907254219055176e-01,8.571925163269042969e-01,1.079081416130065918e+00,-1.690612792968750000e+00,-2.556596994400024414e-01,-1.480306535959243774e-01,2.188135236501693726e-01,3.601330220699310303e-01,4.378487765789031982e-01,1.015460371971130371e+00,-1.556639909744262695e+00,1.642361164093017578e+00,-2.680719792842864990e-01,2.607295513153076172e+00,-1.593908071517944336e+00,6.062150597572326660e-01,-1.679699301719665527e+00,5.952960252761840820e-01,2.999000847339630127e-01,9.049583077430725098e-01,-8.415614366531372070e-01,-1.337981581687927246e+00,2.884145379066467285e-01,1.190294265747070312e+00,1.098187565803527832e-01,-1.338031172752380371e+00,-3.660927712917327881e-01,3.862867504358291626e-02,-1.042342543601989746e+00,-3.661364912986755371e-01,7.175806760787963867e-01,6.132163405418395996e-01,-6.454409956932067871e-01,2.861557960510253906e+00,-2.916067540645599365e-01,-2.614394724369049072e-01,5.562224984169006348e-01,1.511823982000350952e-01,-4.286352694034576416e-01,-1.092860579490661621e+00,3.820354938507080078e-01,9.590581059455871582e-01,5.952453613281250000e-01,3.931384980678558350e-01,2.199613809585571289e+00,1.684809774160385132e-01,1.571217656135559082e+00,-6.984965205192565918e-01,-2.008421570062637329e-01,-1.872640490531921387e+00,-4.776357412338256836e-01,-1.280158758163452148e+00,-5.763941630721092224e-02,1.456644058227539062e+00,8.514836430549621582e-01,6.469871848821640015e-02,9.505205750465393066e-01,1.183558702468872070e+00,1.901691555976867676e+00,-1.062195748090744019e-02,2.148993253707885742e+00,1.122622728347778320e+00,-1.144956350326538086e+00,-1.125136017799377441e+00,-8.562261238694190979e-03,8.951780796051025391e-01,1.332092642784118652e+00,-1.854439139366149902e+00,-4.483374357223510742e-01,-1.719804257154464722e-01,4.549873769283294678e-01,7.252330780029296875e-01,1.354918360710144043e+00,-1.271901428699493408e-01,1.500541448593139648e+00,-2.382559515535831451e-02,-3.149552270770072937e-02,-9.391787052154541016e-01,-5.796447396278381348e-01,3.424564898014068604e-01,5.113508105278015137e-01,-1.252986788749694824e-01,-7.921882271766662598e-01,-1.201405376195907593e-01,3.062278926372528076e-01,5.118865370750427246e-01,9.661158174276351929e-02,-8.312581181526184082e-01,3.231906592845916748e-01,1.683141663670539856e-02,1.401749849319458008e-01,-4.763684868812561035e-01,1.359517455101013184e+00,-4.028363525867462158e-01,5.476092100143432617e-01,-2.711963355541229248e-01,4.351754486560821533e-01,5.369260907173156738e-02,5.810882449150085449e-01,4.287899732589721680e-01,9.324821084737777710e-02,5.064982771873474121e-01,-1.960012674331665039e+00,-9.729811549186706543e-01,-6.748314499855041504e-01,-1.084924340248107910e+00,2.393028736114501953e-01,2.330580472946166992e+00,-3.047354817390441895e-01,-6.501682996749877930e-01,-1.655938923358917236e-01,-7.721824049949645996e-01,-1.713852524757385254e+00,5.383054018020629883e-01,1.147852540016174316e+00,1.456979662179946899e-01,1.037069797515869141e+00,2.294010482728481293e-02,2.909734249114990234e-01,-7.379519343376159668e-01,2.738860249519348145e-01,-9.913050532341003418e-01,-3.238525688648223877e-01,-1.036037206649780273e+00,-4.231435954570770264e-01,2.668305933475494385e-01,4.899477660655975342e-01,4.354778766632080078e+00,5.583661794662475586e-01,2.625896215438842773e+00,-3.566995561122894287e-01,-7.800076901912689209e-02,1.544886350631713867e+00,-9.114510416984558105e-01,8.532949686050415039e-01,-1.665053486824035645e+00,-1.372357249259948730e+00,-7.185105085372924805e-01,-1.637745380401611328e+00,1.725217342376708984e+00,1.565956354141235352e+00,-4.524423778057098389e-01,-9.425482153892517090e-01,-9.318763017654418945e-01,-5.245181918144226074e-01,-3.050691485404968262e-01,1.044337153434753418e+00,-6.658943891525268555e-01,4.514530301094055176e-01,-1.939173638820648193e-01,-9.057299494743347168e-01,9.591731429100036621e-01,1.261919856071472168e+00,-7.092182040214538574e-01,2.970479428768157959e-01,1.719072103500366211e+00,4.491824209690093994e-01,-3.203186094760894775e-01,3.689357340335845947e-01,-4.077396988868713379e-01,-2.694552838802337646e-01,-3.721463680267333984e-01,-4.986324310302734375e-01,1.864174246788024902e+00,1.165317773818969727e+00,-8.809919953346252441e-01,3.211101591587066650e-01,-1.058088779449462891e+00,1.382226705551147461e+00,2.784500122070312500e-01,-6.079546809196472168e-01,-6.953644156455993652e-01,-1.721353530883789062e-01,-1.884914398193359375e+00,-8.024176955223083496e-01,4.703588187694549561e-01,-9.375020265579223633e-01,2.512211084365844727e+00,-2.343413829803466797e-01,1.356497883796691895e+00,2.018744468688964844e+00,-5.031218528747558594e-01,1.301776170730590820e+00
-5.937409400939941406e-01,8.209086060523986816e-01,1.191109791398048401e-01,-1.087101221084594727e+00,8.535143136978149414e-01,-3.800729811191558838e-01,3.762732744216918945e-01,-5.182791948318481445e-01,-6.394417881965637207e-01,1.844998151063919067e-01,3.728102445602416992e-01,-1.835308074951171875e+00,-3.158113062381744385e-01,3.555316925048828125e-01,-1.423931598663330078e+00,-3.331971168518066406e-02,1.640631556510925293e-01,2.132165431976318359e-01,-1.071030497550964355e+00,-2.148967742919921875e+00,1.681318640708923340e+00,-2.126634120941162109e-01,2.896008491516113281e-01,-1.131118774414062500e+00,2.035560846328735352e+00,1.272682428359985352e+00,-4.389891028404235840e-01,4.549014940857887268e-02,1.044631719589233398e+00,8.621686697006225586e-02,-8.627451658248901367e-01,2.299086004495620728e-01,-2.611718885600566864e-02,-7.724915146827697754e-01,-3.101612925529479980e-01,-1.136318370699882507e-01,1.207475781440734863e+00,1.974685549736022949e+00,-5.311857461929321289e-01,3.298271894454956055e-01,1.279659986495971680e+00,-2.819390296936035156e+00,9.089092910289764404e-02,-4.321620762348175049e-01,7.936212420463562012e-01,-3.771042525768280029e-01,-5.400778055191040039e-01,7.711307406425476074e-01,1.379575729370117188e+00,-1.304863989353179932e-01,-1.067971348762512207e+00,7.858366705477237701e-03,-1.860625863075256348e+00,4.613824486732482910e-01,-1.874663829803466797e+00,-1.199332118034362793e+00,-1.523113101720809937e-01,-1.075719952583312988e+00,-3.419079780578613281e-01,-9.798746109008789062e-01,-2.670547664165496826e-01,-1.069629549980163574e+00,2.016975134611129761e-01,-1.693833470344543457e+00,-2.121292985975742340e-02,-1.332742571830749512e-01,1.107880473136901855e+00,3.284464478492736816e-01,1.004831552505493164e+00,-3.587765693664550781e-01,2.114366888999938965e-01,-5.614922046661376953e-01,7.241038680076599121e-01,-6.131813302636146545e-02,-1.388480186462402344e+00,-2.699550867080688477e+00,8.557488322257995605e-01,-8.302874565124511719e-01,1.379056572914123535e-01,8.109846115112304688e-01,-2.257197141647338867e+00,1.162787437438964844e+00,3.323592543601989746e-01,7.864982485771179199e-01,3.501611649990081787e-01,-1.601706385612487793e+00,2.828330099582672119e-01,-1.168213039636611938e-01,-1.278231739997863770e+00,-3.724569082260131836e-01,9.332715272903442383e-01,-1.682685375213623047e+00,5.096061825752258301e-01,-1.693693041801452637e+00,-1.972514390945434570e-01,-1.349216103553771973e+00,1.624087572097778320e+00,-1.338078141212463379e+00,-5.564637184143066406e-01,-1.307880729436874390e-01,-2.584072113037109375e+00,3.394104838371276855e-01,7.198922038078308105e-01,-2.495494186878204346e-01,-7.554542422294616699e-01,-4.730602204799652100e-01,-2.205173298716545105e-02,-3.863626718521118164e-01,4.002715349197387695e-01,1.013170361518859863e+00,2.436652332544326782e-01,-1.463225930929183960e-01,-2.998345196247100830e-01,1.078632593154907227e+00,1.170224428176879883e+00,-4.725279211997985840e-01,2.178225666284561157e-01,-1.499097347259521484e-01,-1.483325839042663574e+00,-5.811945796012878418e-01,-1.064108163118362427e-01,4.934478402137756348e-01,1.668525695800781250e+00,-1.162521600723266602e+00,-1.339793205261230469e+00,-5.876783728599548340e-01,-9.717807173728942871e-01,-1.457466602325439453e+00,-6.318507790565490723e-01,1.968993186950683594e+00,-8.718217015266418457e-01,-1.524039626121520996e+00,-4.709753990173339844e-01,1.297052264213562012e+00,-1.570301294326782227e+00,-2.962066046893596649e-02,-7.238082885742187500e-01,-1.592946767807006836e+00,1.213281750679016113e-01,-8.946529030799865723e-01,1.325978636741638184e+00,-6.466872692108154297e-01,-1.790343165397644043e+00,-1.995742082595825195e+00,-1.605098724365234375e+00,1.484330773353576660e+00,-1.838696718215942383e+00,1.009671688079833984e-01,-3.002647757530212402e-01,-2.709632158279418945e+00,4.605818688869476318e-01,3.011802025139331818e-02,-9.994564056396484375e-01,2.046352177858352661e-01,-8.197876214981079102e-01,-5.046904087066650391e-01,5.164303183555603027e-01,9.237643480300903320e-01,4.925782680511474609e-01,-2.501031756401062012e-01,1.146629691123962402e+00,1.936780691146850586e+00,6.106912493705749512e-01,1.634090304374694824e+00,-1.929249286651611328e+00,-8.279411792755126953e-01,-1.410056650638580322e-01,-5.067489147186279297e-01,-5.642800927162170410e-01,6.654993295669555664e-01,-2.467607110738754272e-01,-1.646112054586410522e-01,3.444135189056396484e-01,-5.308156609535217285e-01,-1.245448231697082520e+00,5.049309134483337402e-01,-3.371326029300689697e-01,-8.788242936134338379e-01,1.452462911605834961e+00,-7.853702902793884277e-01,5.640264749526977539e-01,-1.126743316650390625e+00,-1.861344695091247559e+00,1.101750612258911133e+00,8.874999880790710449e-01,-1.451674662530422211e-02,2.544225931167602539e+00,4.969911575317382812e-01,-2.247203111648559570e+00,-8.977714180946350098e-02,1.204057693481445312e+00,5.364955067634582520e-01,1.175071239471435547e+00,-1.153549030423164368e-01,-6.482846140861511230e-01,1.013721346855163574e+00,-3.058685548603534698e-02,7.098269462585449219e-01,6.252898275852203369e-02,-1.123277783393859863e+00
-1.545928239822387695e+00,-4.723656475543975830e-01,1.589425563812255859e+00,-7.065403461456298828e-01,-2.596606910228729248e-01,1.296387195587158203e+00,5.843634009361267090e-01,2.735160350799560547e+00,-8.911088109016418457e-01,-1.242203712463378906e+00,-1.171835511922836304e-01,-1.190988644957542419e-01,4.011376798152923584e-01,-5.521245002746582031e-01,3.414037227630615234e-01,-2.015214681625366211e+00,1.077394962310791016e+00,-1.037521362304687500e+00,-1.797737240791320801e+00,4.908422380685806274e-02,-7.462325096130371094e-01,-9.249120205640792847e-02,6.754717230796813965e-01,5.567277669906616211e-01,-1.589113473892211914e+00,6.384266614913940430e-01,6.909469962120056152e-01,-2.404684722423553467e-01,7.620263099670410156e-01,-3.061735033988952637e-01,9.552101492881774902e-01,-1.009567737579345703e+00,-2.036234736442565918e-01,-3.308549895882606506e-02,1.219581842422485352e+00,3.236643671989440918e-01,1.838842868804931641e+00,7.481365203857421875e-01,-7.506136894226074219e-01,-5.271058082580566406e-01,-4.715452492237091064e-01,-8.297318965196609497e-02,-5.742751955986022949e-01,2.018249928951263428e-01,-1.970790266990661621e+00,6.551661491394042969e-01,-1.101022005081176758e+00,-2.756377220153808594e+00,-4.965873062610626221e-02,5.290833711624145508e-01,-9.880062937736511230e-01,-5.261218547821044922e-01,-2.739817798137664795e-01,1.632338464260101318e-01,3.585538864135742188e-01,-2.356041520833969116e-01,-1.639036059379577637e+00,-3.213075697422027588e-01,1.197897791862487793e+00,7.110716700553894043e-01,-8.571324944496154785e-01,1.479948163032531738e+00,-2.355132699012756348e-01,5.493905544281005859e-01,1.619611382484436035e+00,-5.282205939292907715e-01,5.047152638435363770e-01,-1.137320280075073242e+00,1.483611762523651123e-01,-1.288012981414794922e+00,5.581024885177612305e-01,-5.116272345185279846e-02,9.618160128593444824e-01,-1.129628300666809082e+00,9.543274641036987305e-01,-1.107591748237609863e+00,-2.682170152664184570e+00,-3.391228616237640381e-01,-6.589083075523376465e-01,-7.263954728841781616e-02,-1.597611010074615479e-01,-8.348810672760009766e-01,-1.306269884109497070e+00,-1.223919272422790527e+00,1.699655771255493164e+00,5.486177802085876465e-01,-5.490184426307678223e-01,1.552239298820495605e+00,-6.055092215538024902e-01,-1.215856194496154785e+00,-1.727491468191146851e-01,1.892105489969253540e-01,-9.164377450942993164e-01,1.635559201240539551e+00,-9.055086374282836914e-01,-5.572912693023681641e-01,-4.037008285522460938e-01,6.740779280662536621e-01,7.435592412948608398e-01,5.829904675483703613e-01,-1.948305845260620117e+00,4.396652281284332275e-01,1.138864755630493164e+00,-2.156641930341720581e-01,9.366989731788635254e-01,9.748011827468872070e-01,3.135051429271697998e-01,-1.126168012619018555e+00,6.909064650535583496e-01,3.836632966995239258e-01,2.102790325880050659e-01,2.988803684711456299e-01,-8.474531173706054688e-01,-1.427874922752380371e+00,3.090968132019042969e-01,2.028733253479003906e+00,5.265554785728454590e-01,6.532002240419387817e-02,6.346853971481323242e-01,5.920024514198303223e-01,1.260280251502990723e+00,-7.172792553901672363e-01,-1.111710548400878906e+00,-1.022248744964599609e+00,9.347391128540039062e-01,5.100333318114280701e-02,-2.225753545761108398e+00,8.803558945655822754e-01,-1.030693173408508301e+00,-2.865208685398101807e-01,-7.296978235244750977e-01,5.865961685776710510e-02,-1.789704322814941406e+00,-9.821035861968994141e-01,-9.238751605153083801e-03,-1.167346477508544922e+00,5.788282155990600586e-01,-1.236238609999418259e-02,-3.698637485504150391e-01,-5.113357901573181152e-01,-7.887983322143554688e-01,-6.962872147560119629e-01,-1.807741761207580566e+00,-5.011648535728454590e-01,8.156443834304809570e-01,-1.490821689367294312e-01,7.345773279666900635e-02,-1.612792849540710449e+00,1.172394633293151855e+00,1.442774891853332520e+00,2.705335319042205811e-01,-1.919005751609802246e+00,1.117481291294097900e-01,3.357787132263183594e-01,-7.201205492019653320e-01,3.488577306270599365e-01,6.123057007789611816e-01,-2.366377830505371094e+00,-8.411619663238525391e-01,1.747974157333374023e+00,1.129596710205078125e+00,-1.155608177185058594e+00,7.824640870094299316e-01,1.008636653423309326e-01,-1.156911134719848633e+00,5.500916838645935059e-01,1.661733627319335938e+00,-1.031254306435585022e-01,7.287771701812744141e-01,-1.533821940422058105e+00,8.612027168273925781e-01,5.000478029251098633e-01,-1.347432732582092285e+00,-1.379737496376037598e+00,2.177936285734176636e-01,-1.591014981269836426e+00,-1.344923853874206543e+00,9.160624742507934570e-01,6.687780469655990601e-02,3.358190953731536865e-01,1.416952610015869141e+00,7.228483557701110840e-01,-1.588179469108581543e+00,-5.889375209808349609e-01,8.791430592536926270e-01,7.257025241851806641e-01,-3.506933450698852539e-01,8.485409617424011230e-01,1.984516382217407227e-01,-3.724955394864082336e-02,-4.422979429364204407e-02,-5.947336554527282715e-01,2.138717889785766602e+00,1.766362935304641724e-01,7.002047896385192871e-01,3.461642861366271973e-01,2.734135091304779053e-01,-1.141945600509643555e+00,2.487538099288940430e+00,3.141705691814422607e-02
-1.370061993598937988e+00,2.667861580848693848e-01,1.483070731163024902e+00,-8.426688909530639648e-01,-9.536598920822143555e-01,1.974304914474487305e-01,-7.763395905494689941e-01,-6.838682293891906738e-01,1.223248004913330078e+00,-1.255119323730468750e+00,5.639967322349548340e-01,-1.245516061782836914e+00,-6.208432912826538086e-01,-3.392289876937866211e-01,-8.121294379234313965e-01,1.492745757102966309e+00,1.052763938903808594e+00,-2.629462480545043945e-01,-1.256839185953140259e-01,1.457003474235534668e+00,5.218726396560668945e-01,7.405897378921508789e-01,-5.788364410400390625e-01,-5.400992035865783691e-01,1.810663640499114990e-01,-2.399851381778717041e-01,2.320031642913818359e+00,-1.308556437492370605e+00,-3.722006082534790039e-01,-4.965059459209442139e-01,-8.946436047554016113e-01,-3.257815539836883545e-01,-2.844588458538055420e-02,-4.401946961879730225e-01,4.996512532234191895e-01,-1.116772651672363281e+00,2.109338194131851196e-01,-9.221403598785400391e-01,-1.274070262908935547e+00,-1.064030408859252930e+00,-1.832459688186645508e+00,-1.058639645576477051e+00,2.207059144973754883e+00,7.824181020259857178e-02,-6.699109673500061035e-01,-3.124841153621673584e-01,1.576064974069595337e-01,-1.886050581932067871e+00,-8.230683207511901855e-02,1.821162581443786621e+00,2.742699086666107178e-01,2.371710836887359619e-01,1.470018386840820312e+00,1.064099669456481934e+00,-9.121489524841308594e-02,8.368598818778991699e-01,3.067169487476348877e-01,-1.225203394889831543e+00,2.599596083164215088e-01,-5.301842689514160156e-01,-3.758436143398284912e-01,-2.228181362152099609e+00,1.999962776899337769e-01,-3.346607983112335205e-01,-1.361895561218261719e+00,6.200971007347106934e-01,1.384018540382385254e+00,9.673351645469665527e-01,-1.578986644744873047e-01,1.381098031997680664e-01,1.527025699615478516e+00,7.006374597549438477e-01,4.498792812228202820e-02,-3.360088467597961426e-01,-4.496721625328063965e-01,-1.431588649749755859e+00,4.745876193046569824e-01,6.891131997108459473e-01,-2.517456561326980591e-02,-1.763284683227539062e+00,-6.068078279495239258e-01,-4.546111822128295898e-01,-4.062780141830444336e-01,5.055098533630371094e-01,-1.417809605598449707e+00,-1.159450531005859375e+00,-8.449879884719848633e-01,1.826194047927856445e+00,4.032154083251953125e-01,-3.007350265979766846e-01,-2.173495590686798096e-01,-2.825661420822143555e+00,6.224294900894165039e-01,-7.104346156120300293e-02,-5.727934241294860840e-01,1.213039994239807129e+00,-1.356505036354064941e+00,-5.370838046073913574e-01,-2.369754791259765625e+00,-2.467794895172119141e+00,-4.070499837398529053e-01,1.268272548913955688e-01,1.935429424047470093e-01,-5.638161301612854004e-01,8.974804878234863281e-01,5.650662183761596680e-01,-7.247757911682128906e-02,2.198238849639892578e+00,3.281658291816711426e-01,4.098930358886718750e-01,-3.236581385135650635e-01,1.462742805480957031e+00,-9.126300811767578125e-01,7.155568003654479980e-01,-9.225406050682067871e-01,7.745125889778137207e-02,2.357299774885177612e-01,-1.581791758537292480e+00,-2.471619844436645508e+00,-3.794712126255035400e-01,7.567440867424011230e-01,-5.893577337265014648e-01,-1.538042545318603516e+00,1.191053032875061035e+00,-9.905644655227661133e-01,1.195657014846801758e+00,-3.880368769168853760e-01,-4.861603379249572754e-01,1.616785407066345215e+00,6.742247343063354492e-01,1.018254756927490234e+00,3.051160275936126709e-01,9.417727589607238770e-01,1.564582884311676025e-01,-1.753239184617996216e-01,-4.128205478191375732e-01,2.163770198822021484e-01,-7.269297838211059570e-01,3.576999902725219727e-01,-3.994610607624053955e-01,-3.861117064952850342e-01,1.851376175880432129e+00,3.289134502410888672e-01,-2.135184258222579956e-01,3.304365873336791992e-01,1.722054719924926758e+00,-6.730343103408813477e-01,-1.479138135910034180e+00,-7.553544044494628906e-01,1.561059474945068359e+00,-3.689641654491424561e-01,-7.526003122329711914e-01,-4.190095663070678711e-01,-8.803412318229675293e-01,1.036447286605834961e+00,2.490221261978149414e+00,7.090929746627807617e-01,-1.063477873802185059e+00,-1.348083257675170898e+00,1.308893442153930664e+00,4.776778817176818848e-01,4.010982811450958252e-01,2.111004352569580078e+00,-5.592266321182250977e-01,1.133568644523620605e+00,4.011206626892089844e-01,-1.909513473510742188e+00,-7.307354211807250977e-01,1.061774373054504395e+00,-6.794960498809814453e-01,-5.160189270973205566e-01,-3.515563607215881348e-01,-7.256591320037841797e-01,-4.986771047115325928e-01,-8.450315594673156738e-01,6.982524991035461426e-01,5.356534123420715332e-01,-4.610670357942581177e-02,2.999829947948455811e-01,1.314743280410766602e+00,6.288179755210876465e-01,1.336897611618041992e+00,-7.174514532089233398e-01,-2.142125129699707031e+00,1.385021924972534180e+00,-6.579312961548566818e-03,2.081754356622695923e-01,6.441214084625244141e-01,-3.557996451854705811e-01,1.248950600624084473e+00,8.852636218070983887e-01,-5.159514397382736206e-02,8.383465409278869629e-01,5.854055881500244141e-01,7.647369503974914551e-01,-1.642222523689270020e+00,3.009235560894012451e-01,-3.236127793788909912e-01,2.253649085760116577e-01,3.812873959541320801e-01
-6.551481485366821289e-01,-7.004311680793762207e-01,-2.512852847576141357e-01,2.126014381647109985e-01,9.716187119483947754e-01,-1.791496276855468750e+00,4.243157804012298584e-01,9.737818241119384766e-01,1.516500115394592285e+00,2.201860398054122925e-01,-1.555088758468627930e+00,-5.143092870712280273e-01,1.651831030845642090e+00,-1.188884496688842773e+00,6.097090244293212891e-01,-1.300228714942932129e+00,5.119387060403823853e-02,2.149683833122253418e-01,-9.010197967290878296e-02,7.073982357978820801e-01,-1.644155709072947502e-03,-3.772997260093688965e-01,-1.893250346183776855e-01,1.244808658957481384e-01,-2.138910740613937378e-01,1.283819675445556641e-01,1.006431102752685547e+00,5.348471999168395996e-01,3.439456596970558167e-02,-1.816486269235610962e-01,1.213372230529785156e+00,1.072839975357055664e+00,5.715771317481994629e-01,-3.936174213886260986e-01,-9.119062423706054688e-01,-1.593646407127380371e+00,1.026025414466857910e+00,6.585748195648193359e-01,-7.489629387855529785e-01,-5.136386156082153320e-01,-3.495013117790222168e-01,-9.251985549926757812e-01,-3.497718274593353271e-01,1.071396708488464355e+00,1.067627787590026855e+00,1.267054438591003418e+00,-2.461411654949188232e-01,3.698863387107849121e-01,-4.211766123771667480e-01,-1.064288854598999023e+00,-3.714027702808380127e-01,-3.104385733604431152e-01,-1.074654340744018555e+00,1.321577876806259155e-01,-4.860080406069755554e-02,5.050478577613830566e-01,4.707822799682617188e-01,-7.124035954475402832e-01,-5.334511399269104004e-01,7.792096138000488281e-01,-3.616835922002792358e-03,-2.024739742279052734e+00,-4.874660074710845947e-01,-6.198985576629638672e-01,-6.547670364379882812e-01,-1.195201158523559570e+00,9.210650324821472168e-01,1.342628121376037598e+00,-5.454728007316589355e-01,1.156220793724060059e+00,-1.551432609558105469e+00,1.711146593093872070e+00,1.128704667091369629e+00,-5.063488483428955078e-01,1.112055540084838867e+00,-1.111433468759059906e-02,1.114705443382263184e+00,3.047363460063934326e-01,4.874646365642547607e-01,-1.395791649818420410e+00,5.085234642028808594e-01,8.291407227516174316e-01,-8.779708743095397949e-01,-6.339600086212158203e-01,6.046442389488220215e-01,-1.485032141208648682e-01,6.544981598854064941e-01,-1.214728236198425293e+00,3.010686933994293213e-01,5.463554859161376953e-01,3.297786414623260498e-01,1.053931042551994324e-01,1.430770158767700195e+00,-1.565546751022338867e+00,3.154208362102508545e-01,-1.007221102714538574e+00,-5.915544033050537109e-01,-7.003589868545532227e-01,9.585150480270385742e-01,1.821188092231750488e+00,2.010388523340225220e-01,9.387209415435791016e-01,1.196132540702819824e+00,-6.161031499505043030e-02,9.859429001808166504e-01,2.265154868364334106e-01,-2.652198374271392822e-01,4.156702756881713867e-01,1.835542768239974976e-01,-3.164503872394561768e-01,1.468148678541183472e-01,-3.317307233810424805e-01,-3.900265991687774658e-01,9.112270474433898926e-01,-7.864844799041748047e-01,-1.066542193293571472e-01,-3.403211236000061035e-01,-1.873186826705932617e+00,8.813878297805786133e-01,1.850803494453430176e+00,1.248749732971191406e+00,-2.432462573051452637e-01,1.862413138151168823e-01,8.666134625673294067e-02,-7.961581349372863770e-01,9.960757195949554443e-02,8.618062138557434082e-01,-4.071449860930442810e-02,1.163489222526550293e+00,3.362647593021392822e-01,-6.955869197845458984e-01,-1.747150570154190063e-01,-1.014759659767150879e+00,8.920891284942626953e-01,-4.453491568565368652e-01,-8.487759232521057129e-01,5.152779817581176758e-01,-1.299218088388442993e-01,-1.405177950859069824e+00,5.575504899024963379e-01,4.158585071563720703e-01,-2.278238385915756226e-01,2.303723335266113281e+00,-1.313571929931640625e+00,-1.823393821716308594e+00,-1.028094172477722168e+00,-2.026348412036895752e-01,-4.331890642642974854e-01,-2.147454321384429932e-01,-2.092950344085693359e+00,-5.377041101455688477e-01,1.511977672576904297e+00,9.741513729095458984e-01,-6.180128455162048340e-01,-5.596829652786254883e-01,1.069116145372390747e-01,-4.858718514442443848e-01,-3.872995376586914062e-01,-1.607275009155273438e-01,2.954767346382141113e-01,1.143941760063171387e+00,7.009126543998718262e-01,-7.274086028337478638e-02,-4.410441815853118896e-01,9.298108816146850586e-01,-9.016067385673522949e-01,4.134485423564910889e-01,-3.297930657863616943e-01,4.851928949356079102e-01,-1.808026582002639771e-01,-9.162961244583129883e-01,8.616997599601745605e-01,-1.597782075405120850e-01,5.875255465507507324e-01,1.026300787925720215e+00,-1.322671294212341309e+00,5.996529459953308105e-01,3.873039782047271729e-01,7.750955820083618164e-01,7.634355425834655762e-01,2.669122517108917236e-01,-7.513839602470397949e-01,-6.373000144958496094e-01,1.497599363327026367e+00,-1.657223254442214966e-01,1.332508623600006104e-01,-1.780463606119155884e-01,7.837183475494384766e-01,-1.558335781097412109e+00,-3.998976573348045349e-02,3.918713629245758057e-01,2.473064064979553223e-01,-9.774000942707061768e-02,-2.643858909606933594e+00,-5.010389089584350586e-01,-1.270093083381652832e+00,4.422772228717803955e-01,3.430849313735961914e-02,1.399447798728942871e+00,-2.987633831799030304e-02
1.575496673583984375e+00,1.086267709732055664e+00,1.293136954307556152e+00,4.986110329627990723e-01,-6.336880922317504883e-01,2.915285527706146240e-01,9.895712137222290039e-01,-4.189245998859405518e-01,-6.944684386253356934e-01,-5.800054669380187988e-01,-4.322050139307975769e-02,-1.469277441501617432e-01,-5.999166965484619141e-01,-4.079566299915313721e-01,3.190239071846008301e-01,7.635897397994995117e-01,1.401951313018798828e+00,5.379064679145812988e-01,8.553947210311889648e-01,1.092106461524963379e+00,1.444135546684265137e+00,1.597013115882873535e+00,-1.448198873549699783e-02,6.504961848258972168e-02,1.061130642890930176e+00,-3.971920311450958252e-01,2.399976491928100586e+00,-1.176997661590576172e+00,7.843425124883651733e-02,-1.805534660816192627e-01,2.523885369300842285e-01,1.171563863754272461e+00,-5.332537889480590820e-01,4.379532039165496826e-01,1.514094471931457520e-01,-2.165760755538940430e+00,1.285573959350585938e+00,-9.509325623512268066e-01,-7.058081626892089844e-01,3.667201995849609375e-01,-1.230015516281127930e+00,2.671042978763580322e-01,1.283116638660430908e-01,-1.651328325271606445e+00,-5.033403038978576660e-01,-2.336267530918121338e-01,8.754241466522216797e-01,-2.158159911632537842e-01,2.453783303499221802e-01,6.543579697608947754e-01,2.331588029861450195e+00,1.368854165077209473e+00,-1.873507201671600342e-01,2.628555297851562500e-01,1.259099483489990234e+00,-8.395462036132812500e-01,-2.185166031122207642e-01,-6.618320345878601074e-01,-9.709975719451904297e-01,-3.883498013019561768e-01,-2.591001033782958984e+00,-6.629942655563354492e-01,1.709113866090774536e-01,-3.039013862609863281e+00,1.101573467254638672e+00,1.546653747558593750e+00,-8.976469933986663818e-02,-5.736306309700012207e-01,-6.777017712593078613e-01,-1.624930858612060547e+00,5.529243350028991699e-01,-2.001457065343856812e-01,9.700697660446166992e-02,-3.875877559185028076e-01,3.273659944534301758e-01,-4.313531890511512756e-02,-1.774805784225463867e-01,4.393148124217987061e-01,-8.515161275863647461e-01,-5.980745330452919006e-02,-7.270467877388000488e-01,-4.910870194435119629e-01,-7.611791491508483887e-01,-5.233277082443237305e-01,-2.025786787271499634e-01,8.842973709106445312e-01,-5.495037436485290527e-01,2.264491021633148193e-01,-1.359698534011840820e+00,-5.330984592437744141e-01,3.539623320102691650e-01,7.419187426567077637e-01,1.806106120347976685e-01,2.320497184991836548e-01,1.413004040718078613e+00,7.157384753227233887e-01,-8.508178591728210449e-01,-7.439294457435607910e-01,-6.027544289827346802e-02,-1.171042174100875854e-01,-1.514953732490539551e+00,4.152631163597106934e-01,-8.139370083808898926e-01,-7.664018273353576660e-01,9.429122209548950195e-01,2.127738445997238159e-01,1.284858703613281250e+00,8.008348941802978516e-01,3.496854007244110107e-01,1.107095599174499512e+00,8.026724457740783691e-01,2.207818508148193359e+00,-3.532406985759735107e-01,-9.286055564880371094e-01,8.740824460983276367e-01,-2.787843346595764160e-01,-2.130146503448486328e+00,-6.133367493748664856e-02,-1.600044012069702148e+00,-5.182425975799560547e-01,-3.145272433757781982e-01,-5.066734552383422852e-01,7.695885896682739258e-01,-1.889420747756958008e-01,-9.684705734252929688e-01,1.645741820335388184e+00,-8.020487427711486816e-02,-1.917413175106048584e-01,8.910560011863708496e-01,1.426745057106018066e-01,-4.512080922722816467e-02,6.154837608337402344e-01,-8.109714984893798828e-01,6.055412888526916504e-01,7.949371933937072754e-01,1.615773916244506836e+00,2.769994735717773438e+00,7.160978019237518311e-02,2.038308382034301758e+00,-6.412196904420852661e-02,-6.982092261314392090e-01,1.482045650482177734e+00,1.005958020687103271e-01,-1.204946637153625488e-02,1.667477935552597046e-01,-6.189746260643005371e-01,9.382150769233703613e-01,-3.222509324550628662e-01,1.723221689462661743e-01,1.482433080673217773e+00,5.312392711639404297e-01,-9.126706123352050781e-01,-3.955566883087158203e-01,1.799646258354187012e+00,-1.312730908393859863e+00,1.248016357421875000e+00,3.504768013954162598e-01,-2.223358452320098877e-01,8.011564016342163086e-01,6.354941129684448242e-01,-3.191337287425994873e-01,-1.838337630033493042e-01,2.621621847152709961e+00,1.086272358894348145e+00,-1.489806413650512695e+00,5.696433186531066895e-01,-1.179306507110595703e+00,6.391445994377136230e-01,1.922889202833175659e-01,-1.246364355087280273e+00,2.081925392150878906e+00,-4.932981729507446289e-01,1.303275972604751587e-01,2.643922269344329834e-01,-1.053670048713684082e+00,3.924203813076019287e-01,6.895384192466735840e-02,1.009719252586364746e+00,-2.522735893726348877e-01,-1.284493446350097656e+00,-3.689219355583190918e-01,-1.481752991676330566e+00,-6.379882991313934326e-02,-1.150127887725830078e+00,6.472757458686828613e-01,-5.488873124122619629e-01,9.122033119201660156e-01,7.445731759071350098e-01,-1.012934207916259766e+00,-1.183797001838684082e+00,2.827239036560058594e+00,7.856477051973342896e-03,6.704613566398620605e-01,4.186428785324096680e-01,6.446749567985534668e-01,-5.546475052833557129e-01,5.666770935058593750e-01,-8.166444301605224609e-01,-7.052031159400939941e-01,-8.150311708450317383e-01
-1.016110777854919434e+00,-7.178518176078796387e-01,-9.557501673698425293e-01,7.249991893768310547e-01,8.464585989713668823e-02,-4.184411764144897461e-01,-1.144571378827095032e-01,-2.421029090881347656e+00,-2.953091382980346680e+00,1.406419396400451660e+00,-1.878834247589111328e+00,-1.279246568679809570e+00,-1.505922555923461914e+00,2.347493886947631836e+00,3.509655967354774475e-02,-5.241735652089118958e-02,6.775605678558349609e-02,-9.733756184577941895e-01,-8.615872263908386230e-01,-1.906521677970886230e+00,1.119815230369567871e+00,-7.961361408233642578e-01,-2.480310201644897461e-01,3.910036981105804443e-01,1.663401842117309570e+00,-1.550649881362915039e+00,7.973306775093078613e-01,-7.028134912252426147e-02,-2.131720781326293945e+00,1.844912290573120117e+00,1.492813944816589355e+00,-5.003884434700012207e-01,-7.323285341262817383e-01,3.079130947589874268e-01,8.753216862678527832e-01,5.539945960044860840e-01,-1.360320299863815308e-01,4.739409387111663818e-01,5.134829878807067871e-01,-8.924986720085144043e-01,-9.627546072006225586e-01,-1.832233518362045288e-01,-9.703119993209838867e-01,4.863824248313903809e-01,-1.384148716926574707e+00,4.345565438270568848e-01,-8.500970602035522461e-01,-4.296855628490447998e-01,-3.438641726970672607e-01,-5.448699593544006348e-01,-1.514062047004699707e+00,-9.901071190834045410e-01,-1.757568717002868652e-01,1.341609358787536621e-01,7.131373286247253418e-01,-8.080297708511352539e-01,3.820799291133880615e-01,-1.485972702503204346e-01,1.474116563796997070e+00,-3.830700516700744629e-01,2.095761597156524658e-01,1.848782300949096680e+00,-3.006989136338233948e-04,-1.403906345367431641e+00,-7.863527536392211914e-01,-7.636805623769760132e-02,4.886450171470642090e-01,-3.536449372768402100e-01,5.135601758956909180e-01,-7.839036583900451660e-01,9.625594019889831543e-01,-8.367105722427368164e-01,1.826429218053817749e-01,-8.425843715667724609e-02,-4.802700281143188477e-01,-1.310422718524932861e-01,4.123857319355010986e-01,-1.469802737236022949e+00,-4.215511977672576904e-01,-2.663326263427734375e-01,1.183954119682312012e+00,-6.554906368255615234e-01,-4.203539192676544189e-01,-7.180362939834594727e-02,1.126670956611633301e+00,1.932979464530944824e+00,-2.282220602035522461e+00,5.549042820930480957e-01,-1.875864863395690918e-01,-4.987149834632873535e-01,9.908477663993835449e-01,-2.000245094299316406e+00,-1.057199478149414062e+00,4.224689006805419922e-01,4.974216222763061523e-01,-1.297909259796142578e+00,-5.179844498634338379e-01,1.016298651695251465e+00,1.581769347190856934e+00,-1.874137371778488159e-01,-2.400113642215728760e-01,-8.175904750823974609e-01,-1.897721648216247559e+00,-1.452893853187561035e+00,8.278482556343078613e-01,-1.102785348892211914e+00,-3.781563937664031982e-01,-1.519619941711425781e+00,5.555189847946166992e-01,-1.918901562690734863e+00,4.315057694911956787e-01,-7.676933407783508301e-01,-3.501855432987213135e-01,1.804209314286708832e-02,-4.810256063938140869e-01,-1.796384006738662720e-01,-1.605102606117725372e-02,8.726352453231811523e-02,1.549300700426101685e-01,3.423892259597778320e-01,-7.879566401243209839e-02,3.875539004802703857e-01,-9.070718288421630859e-01,1.532666087150573730e-01,1.109907746315002441e+00,-8.560658693313598633e-01,1.449911713600158691e+00,1.015374779701232910e+00,-4.919877052307128906e-01,-3.550149798393249512e-01,1.721425503492355347e-01,5.095314383506774902e-01,8.932040333747863770e-01,1.166776195168495178e-02,-7.917296290397644043e-01,2.913985550403594971e-01,-8.132828474044799805e-01,1.681419849395751953e+00,-6.860266327857971191e-01,1.990282654762268066e+00,-1.240559935569763184e+00,1.499296575784683228e-01,-9.969203472137451172e-01,-4.065024256706237793e-01,-1.837921023368835449e+00,1.243032515048980713e-01,2.502425760030746460e-02,-3.041691482067108154e-01,-6.890563964843750000e-01,3.239914774894714355e-01,-8.542287945747375488e-01,2.948888242244720459e-01,-4.661833047866821289e-01,1.962031722068786621e+00,8.615505695343017578e-01,7.075672149658203125e-01,8.872220516204833984e-01,-4.670242965221405029e-01,1.004006028175354004e+00,1.949954926967620850e-01,-4.976861774921417236e-01,1.383583426475524902e+00,8.779756426811218262e-01,-7.099748849868774414e-01,9.399098157882690430e-01,5.558823347091674805e-01,4.877277184277772903e-03,-1.015689373016357422e+00,-1.255993127822875977e+00,-1.710427284240722656e+00,1.070236921310424805e+00,2.111564397811889648e+00,1.190863609313964844e+00,1.811601519584655762e-01,-2.719719521701335907e-02,-3.693524301052093506e-01,-2.776117324829101562e-01,-1.283511370420455933e-01,-5.699476003646850586e-01,-1.078106880187988281e+00,-5.331004858016967773e-01,6.391404867172241211e-01,1.013846755027770996e+00,-5.315321683883666992e-01,-5.717855691909790039e-01,-2.187358140945434570e-01,2.574249505996704102e-01,1.009773612022399902e-01,-1.571546912193298340e+00,-3.436024487018585205e-01,8.995854854583740234e-01,1.844185888767242432e-01,8.187866210937500000e-01,8.261496424674987793e-01,7.403033226728439331e-02,7.755290716886520386e-02,8.203098177909851074e-01,-3.725045621395111084e-01,1.290208816528320312e+00,2.121136784553527832e-01
1.809969186782836914e+00,1.317259371280670166e-01,2.748509049415588379e-01,1.623497754335403442e-01,2.415911406278610229e-01,8.321864008903503418e-01,-6.497677564620971680e-01,6.946029067039489746e-01,7.179628014564514160e-01,1.345173954963684082e+00,8.267803192138671875e-01,7.144479751586914062e-01,-5.756775289773941040e-02,8.610413074493408203e-01,-6.402593851089477539e-01,-5.535348057746887207e-01,-1.555922746658325195e+00,-1.227061301469802856e-01,1.084582924842834473e+00,3.034723699092864990e-01,-1.930664479732513428e-01,-4.464168250560760498e-01,-1.211069941520690918e+00,2.368970215320587158e-01,1.707942336797714233e-01,-7.671914696693420410e-01,1.240294098854064941e+00,-1.038726806640625000e+00,-7.315301895141601562e-01,1.245287656784057617e+00,-3.126070201396942139e-01,-6.163417100906372070e-01,4.822441041469573975e-01,1.018443331122398376e-01,-5.822001099586486816e-01,-1.011327743530273438e+00,9.553104639053344727e-01,5.180326104164123535e-01,1.442034006118774414e+00,3.670658543705940247e-02,6.258048117160797119e-02,1.309414267539978027e+00,5.545977950096130371e-01,3.681483566761016846e-01,-1.146176606416702271e-01,9.107715487480163574e-01,-5.345512628555297852e-01,3.855425119400024414e-01,1.663910150527954102e+00,-8.277243375778198242e-01,-1.665766596794128418e+00,-3.909792900085449219e-01,-1.176843285560607910e+00,1.764847040176391602e-01,1.837303876876831055e+00,1.112370967864990234e+00,2.828445196151733398e+00,4.590657949447631836e-01,1.581645250320434570e+00,-1.854722648859024048e-01,7.828288078308105469e-01,2.665753662586212158e-01,8.623337149620056152e-01,-5.283151268959045410e-01,4.393657445907592773e-01,2.544827163219451904e-01,1.451462030410766602e+00,-2.388778209686279297e+00,7.386709451675415039e-01,3.213676810264587402e-01,8.683908581733703613e-01,-1.359028339385986328e+00,-1.813429445028305054e-01,1.676661968231201172e+00,-3.795732259750366211e-01,1.263979554176330566e+00,-1.963156759738922119e-01,-2.170948684215545654e-01,5.612064599990844727e-01,-8.693833351135253906e-01,-5.113248229026794434e-01,-7.556338906288146973e-01,1.240628242492675781e+00,-8.651636838912963867e-01,1.035388946533203125e+00,8.424515724182128906e-01,-1.162681341171264648e+00,-1.126609325408935547e+00,9.140731692314147949e-01,2.253939628601074219e+00,8.970720171928405762e-01,8.018438518047332764e-02,-9.797458648681640625e-01,-5.692149996757507324e-01,-6.775239109992980957e-01,7.056938409805297852e-01,5.511291623115539551e-01,-8.850296139717102051e-01,-9.869484305381774902e-01,2.260091543197631836e+00,-1.342340469360351562e+00,-8.509298413991928101e-02,4.099201038479804993e-02,2.131220340728759766e+00,1.549737215042114258e+00,4.978850483894348145e-01,-1.155293107032775879e+00,-1.260521292686462402e+00,5.714716315269470215e-01,-1.073845177888870239e-01,-3.796870633959770203e-02,7.240433692932128906e-01,1.044066905975341797e+00,-1.551613688468933105e+00,-1.209465861320495605e+00,1.420639306306838989e-01,6.758401989936828613e-01,1.079505681991577148e+00,5.750252008438110352e-01,-1.525125950574874878e-01,1.774036139249801636e-01,3.910320997238159180e-01,4.181592464447021484e-01,-9.450426101684570312e-01,-5.095450282096862793e-01,6.613095998764038086e-01,-2.786727249622344971e-01,-1.007008314132690430e+00,-3.577442765235900879e-01,-7.609429210424423218e-02,1.772368311882019043e+00,-4.493228495121002197e-01,-3.393390476703643799e-01,8.513372391462326050e-02,-3.364945948123931885e-01,-2.572526335716247559e-01,-6.089854836463928223e-01,8.583288788795471191e-01,7.145388126373291016e-01,-7.646359801292419434e-01,-1.159815788269042969e-01,1.471553087234497070e+00,-5.210391879081726074e-01,6.212454438209533691e-01,-6.258786916732788086e-01,-5.818213820457458496e-01,-6.210160255432128906e-01,1.241413235664367676e+00,-1.168026328086853027e+00,4.341017007827758789e-01,-1.151494622230529785e+00,-8.840616345405578613e-01,2.884443402290344238e-01,-1.320699214935302734e+00,-5.674665570259094238e-01,-7.672687172889709473e-01,-2.085932940244674683e-01,2.880896627902984619e-01,-1.144606769084930420e-01,-1.593424677848815918e+00,-1.589276827871799469e-02,1.882798969745635986e-01,-7.447560429573059082e-01,-1.606510132551193237e-01,-7.787010073661804199e-02,-6.201378703117370605e-01,9.883797168731689453e-01,-6.948272138833999634e-02,-1.181195735931396484e+00,-1.994945108890533447e-01,-1.234034448862075806e-01,-3.210395574569702148e-01,-4.774833619594573975e-01,-5.330288410186767578e-01,-1.482361197471618652e+00,1.376743435859680176e+00,-2.995162904262542725e-01,6.017846986651420593e-02,-1.113849997520446777e+00,2.103664427995681763e-01,7.406222820281982422e-01,1.365942239761352539e+00,-8.878433108329772949e-01,-1.568801999092102051e+00,1.140567779541015625e+00,3.234387934207916260e-01,-7.510226368904113770e-01,9.565885663032531738e-01,9.684236049652099609e-01,1.291426658630371094e+00,-1.491003036499023438e+00,5.030184388160705566e-01,-1.264117360115051270e+00,2.186876982450485229e-01,-1.501105189323425293e+00,-4.706164821982383728e-02,2.956516691483557224e-04,1.072611689567565918e+00,5.700967311859130859e-01,-8.140696287155151367e-01
1.876659631729125977e+00,-5.178438425064086914e-01,4.910478293895721436e-01,1.216055154800415039e+00,5.415901541709899902e-01,-9.460184574127197266e-01,1.249395608901977539e+00,-5.834823474287986755e-02,-2.900133728981018066e-01,3.999301493167877197e-01,9.315095841884613037e-02,-3.346724808216094971e-01,4.724656939506530762e-01,-4.526411592960357666e-01,-2.876111865043640137e-01,1.308954358100891113e+00,-3.905897736549377441e-01,-1.750259399414062500e-01,-2.533666849136352539e+00,-3.483588695526123047e-01,-8.521851301193237305e-01,-1.086570978164672852e+00,-1.968295335769653320e+00,-6.739497780799865723e-01,2.037008047103881836e+00,9.672090411186218262e-01,2.498891502618789673e-01,-1.652102828025817871e+00,1.457806527614593506e-01,1.426487922668457031e+00,6.265099644660949707e-01,-3.716454207897186279e-01,9.013342261314392090e-01,-8.169242143630981445e-01,-2.028645038604736328e+00,1.194616317749023438e+00,7.650914192199707031e-01,-1.417312622070312500e+00,1.466859459877014160e+00,-3.711842298507690430e-01,1.536566298454999924e-02,2.837587613612413406e-03,9.335385560989379883e-01,-2.121333032846450806e-01,8.933109045028686523e-01,3.929263949394226074e-01,2.253460884094238281e+00,-6.169980764389038086e-01,-1.723149418830871582e-01,1.230422377586364746e+00,5.674901008605957031e-01,-9.688311219215393066e-01,7.227683067321777344e-01,6.836692094802856445e-01,4.361543655395507812e-01,9.694843739271163940e-02,7.681360244750976562e-01,6.328877806663513184e-01,8.500202298164367676e-01,1.642300009727478027e+00,1.073195695877075195e+00,6.894013881683349609e-01,8.784291744232177734e-01,7.344043850898742676e-01,-6.689772009849548340e-01,1.157904863357543945e+00,1.232374906539916992e+00,1.055182099342346191e+00,-1.269088506698608398e+00,-5.501706004142761230e-01,-3.630445599555969238e-01,-5.732132792472839355e-01,-1.332861781120300293e+00,-6.322997808456420898e-01,-2.003408908843994141e+00,-4.550505578517913818e-01,8.808097839355468750e-01,-4.074276387691497803e-01,-1.692022323608398438e+00,-2.093843460083007812e+00,1.085986375808715820e+00,-3.987488746643066406e-01,-1.812457919120788574e+00,-5.638284683227539062e-01,-3.413870334625244141e-01,4.297403395175933838e-01,-7.131563425064086914e-01,1.268020272254943848e+00,1.428201794624328613e+00,2.193657159805297852e+00,-9.992672204971313477e-01,-3.492043316364288330e-01,7.256992459297180176e-01,-3.780912160873413086e-01,-1.382155299186706543e+00,1.205719590187072754e+00,6.662597656250000000e-01,2.920914590358734131e-01,8.797422051429748535e-01,-3.920310735702514648e-02,-3.211812973022460938e-01,-4.360597431659698486e-01,4.419278353452682495e-02,1.568225383758544922e+00,-1.085967421531677246e+00,-1.223850965499877930e+00,6.039403378963470459e-02,1.679096460342407227e+00,-7.398514151573181152e-01,-1.211006283760070801e+00,6.146735697984695435e-02,-7.667244076728820801e-01,3.332990407943725586e-01,1.037450909614562988e+00,-2.678282737731933594e+00,8.523024320602416992e-01,-5.012797117233276367e-01,5.853070020675659180e-01,5.711262822151184082e-01,1.409631252288818359e+00,9.234237670898437500e-01,1.799249202013015747e-01,-2.375631332397460938e+00,3.693385720252990723e-01,-7.691551446914672852e-01,2.362566292285919189e-01,2.717441618442535400e-01,-1.062786504626274109e-01,-8.118502497673034668e-01,-1.147782802581787109e+00,-7.853984087705612183e-02,2.423848807811737061e-01,-3.629368245601654053e-01,-5.727371573448181152e-02,-1.515353798866271973e+00,6.921945214271545410e-01,1.423202306032180786e-01,-9.402410387992858887e-01,-3.028440773487091064e-01,-4.738688468933105469e-02,1.284086942672729492e+00,-1.157509446144104004e+00,1.444820523262023926e+00,-6.212681904435157776e-02,-1.759363412857055664e+00,7.460781335830688477e-01,-4.251643717288970947e-01,1.420560926198959351e-01,3.242835104465484619e-01,3.953706026077270508e-01,-2.010304778814315796e-01,2.242425441741943359e+00,7.187944650650024414e-01,6.330943703651428223e-01,1.837728470563888550e-01,-1.679801464080810547e+00,1.600322484970092773e+00,-1.320785999298095703e+00,-3.649762645363807678e-02,-2.516466975212097168e-01,8.271875977516174316e-01,-2.627213895320892334e-01,-1.407602906227111816e+00,-1.477274537086486816e+00,-1.524949371814727783e-01,3.778572678565979004e-01,1.836647033691406250e+00,-1.075463175773620605e+00,5.596534609794616699e-01,4.001869261264801025e-01,1.248478770256042480e+00,5.568801760673522949e-01,-3.044986724853515625e-01,-2.796198241412639618e-02,-4.398434460163116455e-01,1.572819352149963379e+00,2.614289999008178711e+00,1.346618533134460449e+00,-3.958318009972572327e-02,4.288280308246612549e-01,-7.689284086227416992e-01,4.417417347431182861e-01,-1.539288759231567383e+00,-6.221600249409675598e-02,2.822749130427837372e-02,1.453255295753479004e+00,1.977462887763977051e+00,1.599245369434356689e-01,-5.276871323585510254e-01,-8.547312617301940918e-01,-1.598440557718276978e-01,-6.409943103790283203e-01,-4.147671163082122803e-01,-8.563011884689331055e-01,1.055491089820861816e+00,3.985605239868164062e-01,1.571085453033447266e-01,-4.616369605064392090e-01,-3.734195232391357422e-01,-1.552754282951354980e+00
1.403533220291137695e+00,-3.577167689800262451e-01,-1.158493995666503906e+00,6.237615942955017090e-01,-1.093034982681274414e+00,-1.028833031654357910e+00,-7.509453892707824707e-01,7.300537824630737305e-01,1.621993541717529297e+00,-1.171262860298156738e+00,2.558216571807861328e+00,-2.295012213289737701e-02,3.587943017482757568e-01,-4.778022468090057373e-01,6.186983585357666016e-01,3.259617090225219727e-01,3.544227182865142822e-01,-1.086425781250000000e+00,-7.115787267684936523e-01,4.317835569381713867e-01,6.467255949974060059e-01,-6.742362976074218750e-01,-1.040152430534362793e+00,-2.274731248617172241e-01,-1.276460766792297363e+00,8.185983896255493164e-01,1.709052443504333496e+00,1.108080387115478516e+00,5.518357157707214355e-01,-6.706746816635131836e-01,4.026669263839721680e-01,1.667713820934295654e-01,9.689196348190307617e-01,1.583465188741683960e-01,-1.118137836456298828e+00,2.549211680889129639e-01,-3.288162052631378174e-01,-5.843983888626098633e-01,-7.693635225296020508e-01,-1.597254872322082520e+00,1.192139506340026855e+00,2.188976705074310303e-01,-1.950414776802062988e-01,2.359655380249023438e+00,-7.629989981651306152e-01,1.135539650917053223e+00,1.486970663070678711e+00,1.210332393646240234e+00,1.183202862739562988e+00,7.111953496932983398e-01,2.532028257846832275e-01,-1.188486576080322266e+00,9.800528287887573242e-01,-1.430567055940628052e-01,-7.842899560928344727e-01,-8.843715190887451172e-01,-7.025910019874572754e-01,-4.645517766475677490e-01,3.527362942695617676e-01,1.260487914085388184e+00,-5.428221821784973145e-01,-2.315813153982162476e-01,-4.859352409839630127e-01,6.946508772671222687e-03,-6.444572806358337402e-01,6.107277870178222656e-01,-1.184026122093200684e+00,1.082090854644775391e+00,1.403486169874668121e-02,1.817049026489257812e+00,-1.023001551628112793e+00,1.395971894264221191e+00,-8.106900453567504883e-01,5.205887183547019958e-02,-2.416877031326293945e+00,-5.085343718528747559e-01,1.187568426132202148e+00,-1.261645913124084473e+00,-4.034951329231262207e-01,1.845713615417480469e+00,-1.253177881240844727e+00,-9.024449586868286133e-01,1.037500143051147461e+00,3.000542163848876953e+00,1.624224901199340820e+00,1.104144454002380371e+00,7.962698936462402344e-01,1.684044480323791504e+00,-2.642309069633483887e-01,-1.132717251777648926e+00,-8.633130192756652832e-01,-1.753503561019897461e+00,1.620610952377319336e+00,-1.883696466684341431e-01,-6.283749341964721680e-01,1.867455542087554932e-01,-6.931394934654235840e-01,3.725375235080718994e-02,7.937194406986236572e-02,2.269132614135742188e+00,1.858331322669982910e+00,9.600251913070678711e-01,5.203729867935180664e-01,1.564177870750427246e+00,4.465072751045227051e-01,5.102760195732116699e-01,-1.033110380172729492e+00,7.904733419418334961e-01,2.181472182273864746e-01,1.345780134201049805e+00,-6.538668274879455566e-01,1.006174564361572266e+00,5.583450794219970703e-01,1.692089252173900604e-02,-3.920708894729614258e-01,2.281858213245868683e-02,1.284509658813476562e+00,8.266524672508239746e-01,-7.699097990989685059e-01,-8.502040505409240723e-01,3.425112664699554443e-01,1.793742179870605469e+00,3.165791630744934082e-01,-1.080832362174987793e+00,-7.148379683494567871e-01,4.536726772785186768e-01,-7.342377305030822754e-01,4.684431254863739014e-01,-2.538048326969146729e-01,-6.322788000106811523e-01,1.006514668464660645e+00,1.423078298568725586e+00,2.207308560609817505e-01,-3.367085158824920654e-01,1.135245442390441895e+00,7.222514152526855469e-01,6.026333570480346680e-01,4.237487912178039551e-02,3.895634412765502930e-01,-2.883760690689086914e+00,5.983662009239196777e-01,-1.273888945579528809e-01,-1.096748828887939453e+00,-1.098409652709960938e+00,-8.760136365890502930e-01,-8.680139780044555664e-01,4.492635130882263184e-01,-1.281580090522766113e+00,2.734033584594726562e+00,3.073267936706542969e-01,-3.424566984176635742e-01,1.142634972929954529e-01,-1.163809657096862793e+00,-2.533113956451416016e-01,-3.993769586086273193e-01,-1.415789484977722168e+00,-3.568326830863952637e-01,-1.880607724189758301e+00,1.735312819480895996e+00,1.815594136714935303e-01,4.115073382854461670e-01,5.371462106704711914e-01,-6.764230728149414062e-01,8.463770747184753418e-01,-5.486910045146942139e-02,-4.197006225585937500e-01,-4.323523342609405518e-01,3.396945297718048096e-01,-2.764601074159145355e-02,-9.156704545021057129e-01,7.805388569831848145e-01,6.732787936925888062e-02,1.844404458999633789e+00,-1.027699112892150879e+00,-8.841241598129272461e-01,-1.079303383827209473e+00,-4.929338991641998291e-01,-9.061777591705322266e-01,7.033969759941101074e-01,-1.975161731243133545e-01,-2.977069914340972900e-01,-4.579108059406280518e-01,-1.409846544265747070e+00,6.212852597236633301e-01,1.409900307655334473e+00,-1.760727524757385254e+00,6.485084891319274902e-01,-1.401424169540405273e+00,-5.759291052818298340e-01,-6.475350260734558105e-01,-2.293322324752807617e+00,-1.335681974887847900e-01,3.903631567955017090e-01,-1.614307761192321777e+00,-6.473600268363952637e-01,8.122673034667968750e-01,-1.020190477371215820e+00,-2.450362741947174072e-01,-1.078463912010192871e+00,4.010004401206970215e-01
-6.510919928550720215e-01,9.278162717819213867e-01,-6.043814420700073242e-01,5.487409830093383789e-01,-5.807310342788696289e-01,-1.094259977340698242e+00,-2.583375871181488037e-01,-2.235845565795898438e+00,-4.629527926445007324e-01,1.822479605674743652e+00,-3.955760598182678223e-02,-1.841549158096313477e+00,-1.064909458160400391e+00,9.477642178535461426e-02,4.467803835868835449e-01,2.778280377388000488e-01,-4.504346579778939486e-04,-8.590016365051269531e-01,-2.506336212158203125e+00,3.819846212863922119e-01,-6.425610184669494629e-01,-1.206532359123229980e+00,-7.800912857055664062e-01,-5.558292865753173828e-01,4.543615579605102539e-01,4.360704123973846436e-02,6.240581870079040527e-01,6.324902176856994629e-01,-8.790822029113769531e-01,-6.999622583389282227e-01,-3.450460433959960938e-01,-2.564195632934570312e+00,2.183722972869873047e+00,-2.353921979665756226e-01,-6.160858869552612305e-01,4.062600433826446533e-01,-8.574324846267700195e-01,3.596636652946472168e-01,1.188715338706970215e+00,8.058437108993530273e-01,3.348264098167419434e-02,9.798461198806762695e-01,7.191881537437438965e-01,7.960971593856811523e-01,1.610410399734973907e-02,1.635829687118530273e+00,-1.404804706573486328e+00,3.461873531341552734e-01,-5.421080440282821655e-02,1.022370576858520508e+00,4.482798278331756592e-01,6.438090205192565918e-01,6.926854252815246582e-01,9.175526499748229980e-01,-2.114033102989196777e-01,-1.391040921211242676e+00,-1.917772144079208374e-01,-1.965755522251129150e-01,1.237748265266418457e+00,-1.224139451980590820e+00,1.121965050697326660e+00,-2.454707771539688110e-01,2.008579254150390625e+00,2.779962681233882904e-02,-1.324548602104187012e+00,-3.251377642154693604e-01,-4.440875053405761719e-01,1.609441399574279785e+00,-2.858896255493164062e-01,6.863622665405273438e-01,2.341748327016830444e-01,-1.355391740798950195e+00,-1.948334097862243652e+00,-3.016081824898719788e-02,9.686459302902221680e-01,1.016933798789978027e+00,9.445096850395202637e-01,-7.830147147178649902e-01,-8.205706477165222168e-01,-1.146988630294799805e+00,-9.997212886810302734e-01,1.675713181495666504e+00,-8.216670155525207520e-01,8.823862671852111816e-01,6.183424592018127441e-01,-1.527041047811508179e-01,8.408339023590087891e-01,2.198120951652526855e-01,1.674230217933654785e+00,-1.175364732742309570e+00,-1.072736024856567383e+00,8.576644062995910645e-01,2.691760063171386719e-01,-3.556960225105285645e-01,-3.418245613574981689e-01,1.037767887115478516e+00,2.585193142294883728e-03,-7.422351837158203125e-01,7.521600276231765747e-02,1.226968467235565186e-01,2.423005551099777222e-01,-6.240736842155456543e-01,5.811012983322143555e-01,-1.709037661552429199e+00,5.495918393135070801e-01,9.563785791397094727e-01,2.604202747344970703e+00,-6.148260235786437988e-01,8.827832937240600586e-01,8.782655745744705200e-02,-5.034937262535095215e-01,-3.915087580680847168e-01,-4.924700856208801270e-01,-4.509647786617279053e-01,-5.055506825447082520e-01,4.465517103672027588e-01,5.767815709114074707e-01,-8.060724735260009766e-01,-2.334340065717697144e-01,-1.117849946022033691e+00,-4.757781028747558594e-01,-1.598742961883544922e+00,-1.237199544906616211e+00,-8.896849155426025391e-01,1.675726473331451416e-01,-1.131326556205749512e-01,-3.113817870616912842e-01,-6.698172688484191895e-01,-1.015748977661132812e+00,9.434196352958679199e-01,2.396663665771484375e+00,-1.228184461593627930e+00,4.453976452350616455e-01,-1.290724158287048340e+00,4.282617866992950439e-01,-7.587668299674987793e-01,-6.046815514564514160e-01,-9.794721603393554688e-01,-6.810099482536315918e-01,3.010841608047485352e+00,-1.304945230484008789e+00,-2.755155563354492188e+00,1.557113528251647949e+00,1.448140978813171387e+00,5.684499144554138184e-01,1.572933554649353027e+00,9.765550494194030762e-01,5.847421288490295410e-01,-5.470414757728576660e-01,1.787916421890258789e+00,-9.268925786018371582e-01,4.800218343734741211e-01,8.199760317802429199e-01,1.123633146286010742e+00,1.699302673339843750e+00,-1.099921107292175293e+00,-9.094586372375488281e-01,4.407317936420440674e-01,7.247859835624694824e-01,1.309144645929336548e-01,5.914321169257164001e-02,1.708550214767456055e+00,2.139508962631225586e+00,1.441784977912902832e+00,-2.597018480300903320e-01,-1.659964174032211304e-01,1.362435340881347656e+00,-1.980493545532226562e+00,-5.179411172866821289e-01,5.280583500862121582e-01,-1.230790972709655762e+00,-2.013072967529296875e+00,-2.270676344633102417e-01,-1.812668919563293457e+00,-1.212946139276027679e-02,9.544938802719116211e-01,-7.798802256584167480e-01,-2.194714248180389404e-01,-5.797969102859497070e-01,-5.238691568374633789e-01,1.095415592193603516e+00,1.237669587135314941e+00,-1.265457749366760254e+00,-3.906404972076416016e-01,7.863727807998657227e-01,1.327783018350601196e-01,8.125882148742675781e-01,2.739904403686523438e+00,1.185079455375671387e+00,-9.313899278640747070e-01,-1.321489661931991577e-01,-1.345418691635131836e+00,-1.160926103591918945e+00,2.307471781969070435e-01,-3.732511773705482483e-02,-3.181231617927551270e-01,4.285626113414764404e-01,-1.504014611244201660e+00,1.156467199325561523e+00,-1.151290297508239746e+00
3.998564928770065308e-02,-1.010714173316955566e+00,-2.632117271423339844e-01,-1.086235269904136658e-01,-3.902433216571807861e-01,-1.861427545547485352e+00,1.189911842346191406e+00,-7.014104127883911133e-01,-5.723182559013366699e-01,-1.498515129089355469e+00,1.946341037750244141e+00,7.269087433815002441e-01,1.003147721290588379e+00,1.287883400917053223e+00,4.877631962299346924e-01,-4.129132628440856934e-01,8.619786500930786133e-01,1.578554324805736542e-02,-7.174978852272033691e-01,6.906521916389465332e-01,1.382595300674438477e+00,8.873776197433471680e-01,5.760450363159179688e-01,-6.848911046981811523e-01,-1.569690942764282227e+00,-1.686254024505615234e+00,-2.599518299102783203e+00,-1.533425807952880859e+00,-7.345951199531555176e-01,1.236255288124084473e+00,-1.250838994979858398e+00,-1.402919054031372070e+00,-8.962678313255310059e-01,5.796551704406738281e-01,8.592960834503173828e-01,-1.502216219902038574e+00,-1.412021994590759277e+00,3.718043565750122070e-01,-8.187555074691772461e-01,1.503051638603210449e+00,-2.555299401283264160e-01,3.722581267356872559e-01,1.019484400749206543e+00,-1.626997828483581543e+00,4.083639085292816162e-01,2.953600138425827026e-02,7.978682518005371094e-01,2.077027082443237305e+00,-1.097587943077087402e+00,8.039023280143737793e-01,3.498030900955200195e-01,1.260294198989868164e+00,-8.917999863624572754e-01,-4.597885534167289734e-02,-3.527071774005889893e-01,8.303140997886657715e-01,1.280854463577270508e+00,-1.649429321289062500e+00,1.034293055534362793e+00,-9.281569719314575195e-01,1.221246004104614258e+00,-5.304814577102661133e-01,-4.151852130889892578e-01,-9.787321686744689941e-01,3.217937946319580078e-01,-9.665718078613281250e-01,1.248283088207244873e-01,-5.811448693275451660e-01,1.987728476524353027e-01,-7.303256541490554810e-02,1.136529207229614258e+00,4.790076613426208496e-02,2.025008201599121094e+00,1.429123520851135254e+00,-5.702257156372070312e-01,-1.496128320693969727e+00,-1.176373958587646484e+00,-4.170885384082794189e-01,-4.509200155735015869e-01,5.666208863258361816e-01,-2.014855861663818359e+00,7.565270662307739258e-01,-1.740783095359802246e+00,-3.088079392910003662e-01,-7.054249048233032227e-01,-3.867877423763275146e-01,-3.536422252655029297e-01,1.396885156631469727e+00,-1.709980607032775879e+00,1.152460575103759766e+00,5.013733506202697754e-01,2.588013708591461182e-01,2.483129024505615234e+00,-6.199678182601928711e-01,4.786237180233001709e-01,-1.596357941627502441e+00,2.713622748851776123e-01,3.508807346224784851e-02,1.058207079768180847e-01,-4.067623317241668701e-01,-4.094047844409942627e-01,1.147785902023315430e+00,-7.591355592012405396e-02,8.623788952827453613e-01,-1.933097004890441895e+00,-1.029767155647277832e+00,2.485279589891433716e-01,-1.229426026344299316e+00,2.219040095806121826e-01,8.680006861686706543e-02,7.672551870346069336e-01,2.858601808547973633e-01,1.100502684712409973e-01,1.536408782005310059e+00,9.901282787322998047e-01,1.610277779400348663e-02,2.051086425781250000e-01,-7.973236441612243652e-01,1.939979568123817444e-02,7.010270357131958008e-01,1.973327636718750000e+00,2.230536639690399170e-01,-1.922377347946166992e-01,-6.742327213287353516e-01,7.843727618455886841e-02,4.328736960887908936e-01,4.930524230003356934e-01,-2.018304824829101562e+00,2.485909014940261841e-01,-3.500955104827880859e-01,-1.943202018737792969e+00,-8.803307414054870605e-01,1.253204464912414551e+00,-5.518432259559631348e-01,3.098689615726470947e-01,-2.102816253900527954e-01,-1.782609149813652039e-02,6.222782135009765625e-01,-4.493391513824462891e-01,-1.224266514182090759e-01,1.188119173049926758e+00,1.361547470092773438e+00,1.212311744689941406e+00,1.162519812583923340e+00,7.308316230773925781e-01,-1.484759896993637085e-01,9.225316345691680908e-02,-9.207445383071899414e-01,8.320941776037216187e-02,4.925519526004791260e-01,4.807851910591125488e-01,-5.666866153478622437e-02,2.853962481021881104e-01,-1.051643013954162598e+00,-9.727482199668884277e-01,5.576608180999755859e-01,7.418551445007324219e-01,-2.115303725004196167e-01,1.855957031250000000e+00,1.097704291343688965e+00,-9.992568492889404297e-01,-1.812430977821350098e+00,-3.361789584159851074e-01,1.798989623785018921e-01,-6.693292856216430664e-01,1.180883169174194336e+00,-9.550260901451110840e-01,4.851725399494171143e-01,1.507001996040344238e+00,4.573375880718231201e-01,8.207250237464904785e-01,-1.293550372123718262e+00,-2.152012288570404053e-01,-1.005420446395874023e+00,7.053122669458389282e-02,1.649259924888610840e-01,9.638374447822570801e-01,3.847826719284057617e-01,-6.832515001296997070e-01,2.759940922260284424e-01,-6.734027266502380371e-01,-7.280125617980957031e-01,4.663293659687042236e-01,1.478430747985839844e+00,8.100956082344055176e-01,8.128748834133148193e-02,-8.637350797653198242e-02,5.037419199943542480e-01,6.970726884901523590e-03,1.592484235763549805e+00,1.041834712028503418e+00,-1.357965230941772461e+00,5.567346215248107910e-01,-6.658950448036193848e-01,-1.850376486778259277e+00,-1.962004601955413818e-01,7.314334064722061157e-02,1.394819974899291992e+00,-4.313728809356689453e-01,-1.380622029304504395e+00
-7.658059597015380859e-01,-1.790124654769897461e+00,3.334359526634216309e-01,-1.374672651290893555e+00,1.260067343711853027e+00,7.406792640686035156e-01,2.914335429668426514e-01,7.463962435722351074e-01,1.673111319541931152e+00,8.236430287361145020e-01,7.587400674819946289e-01,1.847053647041320801e+00,-5.370500087738037109e-01,1.389220952987670898e+00,9.397714734077453613e-01,-4.743318259716033936e-01,1.718997955322265625e+00,-2.950180172920227051e-01,-1.317027658224105835e-01,-1.613238900899887085e-01,-1.595873117446899414e+00,1.396807074546813965e+00,2.163875997066497803e-01,5.144211649894714355e-01,-1.607495665550231934e+00,4.799376130104064941e-01,2.121241986751556396e-01,-5.200834870338439941e-01,1.211447834968566895e+00,4.022037237882614136e-02,-2.488091439008712769e-01,5.300881266593933105e-01,1.210811734199523926e-01,-1.473780632019042969e+00,1.400211453437805176e-01,1.569352507591247559e+00,-1.185245871543884277e+00,-1.089681386947631836e+00,-8.685225248336791992e-01,-9.738083481788635254e-01,4.721446707844734192e-02,4.209828376770019531e-01,8.057493567466735840e-01,5.921816229820251465e-01,1.276857733726501465e+00,-1.450731277465820312e+00,-9.452033042907714844e-01,-1.162115573883056641e+00,4.076635837554931641e-01,1.011285781860351562e+00,-4.421856999397277832e-01,-1.074713826179504395e+00,-1.233055114746093750e+00,-9.479973316192626953e-01,-6.176474094390869141e-01,8.149288296699523926e-01,-7.647253274917602539e-01,-7.442708015441894531e-01,-3.859866261482238770e-01,-5.795963406562805176e-01,-3.811001181602478027e-01,-2.313144207000732422e-01,6.053046584129333496e-01,9.804657846689224243e-02,-1.295136332511901855e+00,-8.368133306503295898e-01,1.025249004364013672e+00,-6.825010180473327637e-01,-8.126659393310546875e-01,-1.418190479278564453e+00,6.343649625778198242e-01,2.742590308189392090e-01,-4.910412728786468506e-01,-6.651384830474853516e-01,4.840346276760101318e-01,1.628107726573944092e-01,2.876825034618377686e-01,-9.702069759368896484e-01,6.725156903266906738e-01,4.837204217910766602e-01,-8.481115102767944336e-02,3.724963963031768799e-02,-9.764689207077026367e-01,1.456847429275512695e+00,-5.386213660240173340e-01,1.108501628041267395e-01,4.738840758800506592e-01,4.092632532119750977e-01,6.073834896087646484e-01,5.877305194735527039e-02,-6.245478987693786621e-01,2.484833300113677979e-01,7.720243334770202637e-01,-2.906338274478912354e-01,-2.026337146759033203e+00,1.033448457717895508e+00,-1.368859529495239258e+00,8.505198359489440918e-02,1.561163425445556641e+00,-3.089377582073211670e-01,-1.246709942817687988e+00,7.441893219947814941e-01,-9.104921817779541016e-01,-2.784951686859130859e+00,-1.618017196655273438e+00,3.376840054988861084e-01,-4.881298542022705078e-01,4.373061060905456543e-01,-7.328054308891296387e-01,2.004800319671630859e+00,1.380753159523010254e+00,1.012761116027832031e+00,-7.628706693649291992e-01,1.607650071382522583e-01,-1.035510897636413574e+00,2.396477013826370239e-01,4.850291297771036625e-04,1.538139581680297852e+00,-3.282550275325775146e-01,5.472822785377502441e-01,5.932061672210693359e-01,1.506856203079223633e+00,1.392416000366210938e+00,1.244258761405944824e+00,3.978211432695388794e-02,-9.730361700057983398e-01,2.624514400959014893e-01,-7.714816331863403320e-01,2.031470060348510742e+00,-3.455241620540618896e-01,6.889733076095581055e-01,2.092041969299316406e+00,-3.313912749290466309e-01,1.862300634384155273e+00,-8.376907557249069214e-02,-7.507262825965881348e-01,7.790067791938781738e-01,5.689665079116821289e-01,-1.441295623779296875e+00,1.325022101402282715e+00,8.981899917125701904e-02,1.923812329769134521e-01,1.270012110471725464e-01,-7.470141053199768066e-01,-1.584098100662231445e+00,1.110854983329772949e+00,7.870635986328125000e-01,1.668614864349365234e+00,-1.776844561100006104e-01,8.494982719421386719e-01,8.723202943801879883e-01,-6.447728276252746582e-01,-5.332292318344116211e-01,2.685215711593627930e+00,-9.446054100990295410e-01,6.191260218620300293e-01,8.742405772209167480e-01,7.271335124969482422e-01,-5.588346719741821289e-01,2.640560269355773926e-01,1.125115633010864258e+00,-3.721243143081665039e-02,-3.360709249973297119e-01,1.805874332785606384e-02,-5.031895637512207031e-02,7.621924281120300293e-01,7.442352771759033203e-01,1.339253306388854980e+00,1.382698297500610352e+00,-1.583497047424316406e+00,-4.171774685382843018e-01,-3.521633744239807129e-01,8.305473327636718750e-01,2.367756366729736328e+00,-7.506127357482910156e-01,-1.161414146423339844e+00,1.294817566871643066e+00,4.272799491882324219e-01,1.883150339126586914e+00,3.063231706619262695e-01,-1.386324167251586914e-01,-7.512769103050231934e-01,-6.545955538749694824e-01,-1.239099801750853658e-04,5.388509035110473633e-01,-2.395504713058471680e-01,2.419571727514266968e-01,6.594917774200439453e-01,-1.423666357994079590e+00,-6.240854412317276001e-02,-2.902386486530303955e-01,-1.442933082580566406e+00,1.475785851478576660e+00,-5.032562017440795898e-01,-1.881933584809303284e-02,4.876517057418823242e-01,-2.080615282058715820e+00,4.149774461984634399e-02,6.088214516639709473e-01,5.099016427993774414e-01
-4.219327494502067566e-02,-2.779052853584289551e-01,-4.275158792734146118e-02,-6.020239591598510742e-01,1.656605601310729980e+00,-1.016502261161804199e+00,8.249848484992980957e-01,-9.751628041267395020e-01,1.984854787588119507e-01,9.656297564506530762e-01,9.841923117637634277e-01,-1.155583739280700684e+00,-6.424304246902465820e-01,-1.051118969917297363e+00,-9.513680338859558105e-01,-2.868988513946533203e-01,5.831625461578369141e-01,3.123952150344848633e-01,-4.165392518043518066e-01,7.043516039848327637e-01,1.422466635704040527e+00,-4.099007248878479004e-01,-6.809400916099548340e-01,8.456785082817077637e-01,-1.763353347778320312e-01,-7.815021276473999023e-01,-1.878302931785583496e+00,3.687581717967987061e-01,5.138006210327148438e-01,-1.635338366031646729e-01,-9.172355383634567261e-02,-1.288798451423645020e+00,8.304518461227416992e-01,-1.321712881326675415e-02,8.434576988220214844e-01,-1.153268933296203613e+00,-1.030817151069641113e+00,-1.695627689361572266e+00,1.510700702667236328e+00,3.232976794242858887e-01,8.242555260658264160e-01,-1.359758824110031128e-01,-1.668745636940002441e+00,-4.358160197734832764e-01,4.659800231456756592e-01,3.468104302883148193e-01,1.332468539476394653e-01,-1.400704264640808105e+00,1.431534528732299805e+00,1.025087118148803711e+00,-4.386713206768035889e-01,1.729667305946350098e+00,-1.248386979103088379e+00,-3.212637901306152344e-01,6.334154009819030762e-01,-1.278845191001892090e+00,-7.356731295585632324e-01,-6.401844024658203125e-01,1.451382040977478027e+00,-6.752515435218811035e-01,-2.583489120006561279e-01,-1.039332866668701172e+00,1.089633703231811523e+00,2.245577335357666016e+00,2.291271686553955078e-01,7.961820363998413086e-01,-7.933048009872436523e-01,-1.921591281890869141e+00,-1.973834633827209473e+00,-2.060995340347290039e+00,-8.318807929754257202e-02,6.382387280464172363e-01,-1.535951495170593262e+00,8.912520408630371094e-01,-8.758483529090881348e-01,-1.031791925430297852e+00,3.253128528594970703e-01,5.912452340126037598e-01,1.367325782775878906e+00,-1.283938884735107422e+00,1.698468685150146484e+00,1.116182729601860046e-01,-1.762300252914428711e+00,1.055763959884643555e+00,-2.151532173156738281e-01,4.888229072093963623e-01,3.189917504787445068e-01,5.899713039398193359e-01,6.868065893650054932e-02,1.093138337135314941e+00,1.183217406272888184e+00,-4.758387804031372070e-01,4.113020896911621094e-01,7.606790959835052490e-02,1.180274009704589844e+00,-2.961289882659912109e-01,5.489366054534912109e-01,-1.186007022857666016e+00,-3.080730736255645752e-01,-3.710074424743652344e-01,1.984631538391113281e+00,1.864582777023315430e+00,2.966201603412628174e-01,-1.026931643486022949e+00,8.412636518478393555e-01,3.551552593708038330e-01,1.411347389221191406e+00,-1.036893367767333984e+00,-8.778765797615051270e-02,2.064170360565185547e+00,1.427330542355775833e-02,-1.082635205239057541e-02,-1.064777731895446777e+00,-2.127329707145690918e-01,7.907176017761230469e-02,6.779403686523437500e-01,-1.087830185890197754e+00,-1.793330550193786621e+00,6.804623603820800781e-01,-7.892214655876159668e-01,3.446828424930572510e-01,9.367948770523071289e-01,8.448063731193542480e-01,-1.364764869213104248e-01,4.593067169189453125e-01,4.652854502201080322e-01,6.768161058425903320e-01,-4.214694201946258545e-01,-1.608897447586059570e+00,-9.593647718429565430e-01,4.791769664734601974e-03,-1.759958982467651367e+00,1.212107777595520020e+00,-7.179669737815856934e-01,-4.450489282608032227e-01,2.132474660873413086e+00,7.812012434005737305e-01,7.639389038085937500e-01,-7.193561196327209473e-01,-7.616656422615051270e-01,-4.543398916721343994e-01,1.479721784591674805e+00,2.495093829929828644e-02,1.616528630256652832e-01,1.594755172729492188e+00,-4.063502252101898193e-01,-1.335708349943161011e-01,-8.867641687393188477e-01,-4.472008943557739258e-01,-1.630103588104248047e+00,-4.033639430999755859e-01,8.711305856704711914e-01,2.032090425491333008e+00,-1.707234382629394531e+00,6.859232783317565918e-01,8.178415298461914062e-01,3.515621125698089600e-01,4.260228276252746582e-01,-1.149057626724243164e+00,1.123794436454772949e+00,1.232355833053588867e+00,-1.418281316757202148e+00,3.257293999195098877e-01,-2.399347722530364990e-01,-6.660733819007873535e-01,-9.278913736343383789e-01,-8.234549760818481445e-01,1.021724820137023926e+00,9.903367161750793457e-01,2.209473848342895508e+00,3.065188229084014893e-02,-1.273305892944335938e+00,-6.437650918960571289e-01,7.155168652534484863e-01,-7.746149301528930664e-01,-5.258175730705261230e-01,-1.638197749853134155e-01,-1.509991765022277832e+00,1.308667778968811035e+00,1.649978570640087128e-02,-1.083861365914344788e-01,6.171997189521789551e-01,-2.162152290344238281e+00,1.531228721141815186e-01,-5.089412927627563477e-01,-1.525511294603347778e-01,-2.371221780776977539e-01,-2.068135499954223633e+00,-1.889682002365589142e-02,3.183180391788482666e-01,1.534489870071411133e+00,-3.066220283508300781e+00,-3.927336037158966064e-01,7.765642404556274414e-01,-1.758291840553283691e+00,-4.417280256748199463e-01,3.414812088012695312e-01,3.074650764465332031e-01,-1.365369111299514771e-01,1.580828309059143066e+00
3.211145401000976562e-01,-3.950731456279754639e-02,1.907863020896911621e-01,8.732225000858306885e-02,-1.167618513107299805e+00,-1.267027974128723145e+00,8.514581322669982910e-01,1.148872971534729004e+00,6.317310333251953125e-01,3.796889781951904297e-01,1.560420632362365723e+00,1.088078022003173828e-01,1.567685157060623169e-01,-1.490214020013809204e-01,-6.281963586807250977e-01,3.761662542819976807e-01,3.951231837272644043e-01,-1.017643332481384277e+00,6.743674278259277344e-01,7.422177195549011230e-01,-4.369718134403228760e-01,5.376820564270019531e-01,1.140764832496643066e+00,-4.909178912639617920e-01,-7.936249375343322754e-01,-1.917970299720764160e+00,1.898709386587142944e-01,6.444181203842163086e-01,1.680885314941406250e+00,5.254727005958557129e-01,8.430322408676147461e-01,2.819375991821289062e-01,-5.553154945373535156e-01,1.516755461692810059e+00,2.010382890701293945e+00,-1.706961631774902344e+00,1.752735376358032227e+00,-1.606246113777160645e+00,-1.167184114456176758e+00,-2.852917313575744629e-01,-1.198130369186401367e+00,8.971180319786071777e-01,1.584125757217407227e+00,9.662614017724990845e-02,-6.411267518997192383e-01,-1.070449054241180420e-01,2.785923480987548828e-01,6.104054450988769531e-01,1.130147814750671387e+00,1.844476461410522461e-01,-1.585217118263244629e+00,9.066072702407836914e-01,4.194695949554443359e-01,-7.817528247833251953e-01,-1.399250388145446777e+00,-5.650959610939025879e-01,-1.203443408012390137e+00,1.642337918281555176e+00,-1.903125405311584473e+00,-1.891537308692932129e+00,-1.929897069931030273e+00,-1.085210442543029785e-01,1.746710091829299927e-01,1.415671348571777344e+00,3.791241943836212158e-01,-1.222421526908874512e+00,1.106730461120605469e+00,1.946576088666915894e-01,-1.914853304624557495e-01,-1.082160115242004395e+00,-1.671539783477783203e+00,-1.269297897815704346e-01,-3.244772851467132568e-01,1.789873957633972168e+00,-4.062801599502563477e-01,-2.410021543502807617e+00,-6.375458836555480957e-01,4.986408632248640060e-03,-1.589900016784667969e+00,-1.075254797935485840e+00,-5.055754184722900391e-01,-3.996128439903259277e-01,5.784805864095687866e-02,-1.078504920005798340e+00,-9.987705945968627930e-01,-1.600574970245361328e+00,1.179486989974975586e+00,1.982467472553253174e-01,4.785745441913604736e-01,-5.812893509864807129e-01,6.037537455558776855e-01,2.017164707183837891e+00,-9.870196580886840820e-01,5.657579898834228516e-01,-2.789531350135803223e-01,-3.514755666255950928e-01,-1.161602437496185303e-01,9.592890739440917969e-02,5.583671927452087402e-01,-2.060023993253707886e-01,-2.303277701139450073e-02,-7.986029237508773804e-02,-2.123868912458419800e-01,-4.397389292716979980e-01,1.126318454742431641e+00,-4.469537734985351562e-01,-9.108797460794448853e-02,1.436436772346496582e-01,1.746322751045227051e+00,1.897972941398620605e+00,2.016673982143402100e-01,6.791136264801025391e-01,1.168046712875366211e+00,1.573231101036071777e+00,6.553865671157836914e-01,1.470891237258911133e+00,9.000219404697418213e-02,8.695380687713623047e-01,2.008687555789947510e-01,-1.011625289916992188e+00,8.027673959732055664e-01,-1.824891805648803711e+00,7.584011554718017578e-01,-1.218391299247741699e+00,-3.754185736179351807e-01,1.873951077461242676e+00,-4.800363779067993164e-01,-1.174616336822509766e+00,-1.157509684562683105e+00,4.728294312953948975e-01,-2.427606344223022461e+00,1.042027235031127930e+00,-5.392105877399444580e-02,1.016392827033996582e+00,-7.653234601020812988e-01,-2.745375633239746094e-01,1.121718287467956543e+00,-7.970830202102661133e-01,-4.447068274021148682e-01,-1.685355424880981445e+00,-8.132163286209106445e-01,-4.331447482109069824e-01,-8.512651920318603516e-01,-4.374487698078155518e-01,8.823564052581787109e-01,-2.185053229331970215e-01,-6.756058335304260254e-01,6.044827699661254883e-01,-7.606807351112365723e-01,-1.312222838401794434e+00,-1.500997304916381836e+00,-1.181533217430114746e+00,1.168996453285217285e+00,1.590808331966400146e-01,-5.161212682723999023e-01,3.021135330200195312e-01,2.558628320693969727e+00,-1.089110374450683594e+00,2.227947711944580078e+00,-7.803983986377716064e-02,5.261482000350952148e-01,2.841049339622259140e-03,9.459471106529235840e-01,9.310861229896545410e-01,-5.875957012176513672e-01,-1.728422164916992188e+00,-4.677767679095268250e-02,-4.725144803524017334e-01,6.833606958389282227e-01,-7.591126114130020142e-02,6.663753390312194824e-01,-1.136480569839477539e+00,-2.473969608545303345e-01,-7.762588262557983398e-01,-2.253663837909698486e-01,-9.142584353685379028e-02,1.047640204429626465e+00,-1.392550468444824219e+00,-1.902311682701110840e+00,5.495874881744384766e-01,5.435702800750732422e-01,7.691617608070373535e-01,-9.058209657669067383e-01,-1.965313673019409180e+00,-1.553013563156127930e+00,-1.631047010421752930e+00,-7.131999731063842773e-01,5.351302623748779297e-01,4.079488515853881836e-01,2.722804546356201172e-01,4.718863666057586670e-01,1.885398924350738525e-01,-9.099474549293518066e-02,7.231993973255157471e-02,-1.712974667549133301e+00,3.700481355190277100e-02,-7.956934571266174316e-01,-2.837928771972656250e+00,6.970888376235961914e-01,1.077626585960388184e+00
7.236825227737426758e-01,2.499176710844039917e-01,-3.342526853084564209e-01,-1.610095858573913574e+00,1.041809320449829102e-01,-3.523706495761871338e-01,1.191684365272521973e+00,-3.017143607139587402e-01,7.794351577758789062e-01,-3.389727771282196045e-01,1.975141882896423340e+00,6.545239686965942383e-02,-4.088891148567199707e-01,-1.282452583312988281e+00,1.525085926055908203e+00,5.964413285255432129e-01,-2.079868316650390625e+00,7.100138068199157715e-01,2.032380402088165283e-01,-1.271945387125015259e-01,-5.713511109352111816e-01,-2.586429595947265625e+00,-1.705962419509887695e-01,-1.587131738662719727e+00,-4.040297865867614746e-01,1.277018189430236816e-01,1.250158667564392090e+00,-5.534370541572570801e-01,8.676370382308959961e-01,2.453670024871826172e+00,6.482080817222595215e-01,7.237852811813354492e-01,1.347015053033828735e-01,-2.840061187744140625e-01,-6.170570105314254761e-02,-3.264529407024383545e-01,6.846499443054199219e-01,-3.259477615356445312e-01,6.552642583847045898e-01,3.417328000068664551e-01,-1.283966749906539917e-01,-3.503528535366058350e-01,5.655008554458618164e-01,6.750454306602478027e-01,3.019751906394958496e-01,-1.051213860511779785e+00,4.187917411327362061e-01,6.407379508018493652e-01,3.914412558078765869e-01,-1.735406070947647095e-01,-4.051568210124969482e-01,5.559383034706115723e-01,-3.749935626983642578e-01,1.192320466041564941e+00,2.002238482236862183e-01,-3.035660386085510254e-01,-1.763415217399597168e+00,-1.372229576110839844e+00,-1.131983280181884766e+00,-1.213693261146545410e+00,-1.510494709014892578e+00,-2.547067403793334961e-01,-4.472669363021850586e-01,-1.939020901918411255e-01,1.451951146125793457e+00,1.461525410413742065e-01,-9.034069776535034180e-01,7.035242319107055664e-01,-4.069910645484924316e-01,-4.107142388820648193e-01,-5.330280661582946777e-01,-7.585808634757995605e-01,9.174358248710632324e-01,1.729742050170898438e+00,7.953180670738220215e-01,-1.087544441223144531e+00,3.633097410202026367e-01,-1.000259160995483398e+00,-1.496518492698669434e+00,8.594190478324890137e-01,5.013977885246276855e-01,-2.869919836521148682e-01,1.478041410446166992e+00,-1.356645673513412476e-01,-1.328474998474121094e+00,8.363773822784423828e-01,1.490275114774703979e-01,-1.592639803886413574e+00,9.469462931156158447e-02,9.556095004081726074e-01,-8.780348300933837891e-01,4.209883213043212891e-01,1.091381236910820007e-01,-4.005976319313049316e-01,-1.502265930175781250e+00,1.301340818405151367e+00,3.117387533187866211e+00,3.038250207901000977e-01,-2.031480550765991211e+00,4.553585872054100037e-02,5.931902527809143066e-01,1.019632741808891296e-01,2.522261619567871094e+00,5.799724459648132324e-01,1.397530317306518555e+00,1.018626928329467773e+00,-1.505963087081909180e+00,-6.332418322563171387e-01,-5.109298825263977051e-01,3.805413842201232910e-01,-4.176124036312103271e-01,-6.678496003150939941e-01,-1.090492010116577148e-01,3.408921360969543457e-01,-8.917281627655029297e-01,-2.407899647951126099e-01,1.635411500930786133e+00,-2.500868141651153564e-01,8.799299597740173340e-01,-2.497514635324478149e-01,-8.111483454704284668e-01,5.893429517745971680e-01,1.813484907150268555e+00,-4.925894737243652344e-01,1.012565135955810547e+00,-3.979934751987457275e-01,-6.118984222412109375e-01,7.752893567085266113e-01,6.184462904930114746e-01,3.778916597366333008e-01,1.630193233489990234e+00,-1.991614401340484619e-01,6.809554696083068848e-01,6.818547248840332031e-01,-1.130128026008605957e+00,-6.836611032485961914e-02,-2.432204186916351318e-01,-4.865343868732452393e-01,-9.642617702484130859e-01,-2.540249347686767578e+00,1.173271656036376953e+00,-1.714516729116439819e-01,6.503190398216247559e-01,-1.761629432439804077e-01,1.255782991647720337e-01,-1.045056939125061035e+00,-8.043912053108215332e-02,-4.820757508277893066e-01,1.117860555648803711e+00,-2.785968780517578125e-01,-5.230693817138671875e-01,-2.415952235460281372e-01,-1.082261681556701660e+00,-5.158707499504089355e-01,3.274656534194946289e-01,-7.498450279235839844e-01,4.984463751316070557e-01,2.861731648445129395e-01,1.489688754081726074e+00,-2.376068353652954102e+00,8.079689145088195801e-01,-5.907778143882751465e-01,4.132659435272216797e-01,-8.942751288414001465e-01,-1.400933265686035156e-01,7.604994624853134155e-02,-7.662218064069747925e-02,-5.028504133224487305e-01,5.866063833236694336e-01,1.180769950151443481e-01,-5.827838182449340820e-01,-4.025167822837829590e-01,6.097030639648437500e-01,3.286086395382881165e-02,-1.752139329910278320e+00,4.133075773715972900e-01,-1.672482013702392578e+00,2.352157831192016602e-01,-1.492645382881164551e+00,-4.950706064701080322e-01,7.863857597112655640e-02,1.446394175291061401e-01,-1.028630256652832031e+00,5.210090279579162598e-01,-4.618838131427764893e-01,-1.528559923171997070e-01,2.973019182682037354e-01,2.616122364997863770e-01,1.799683451652526855e+00,-2.645759820938110352e+00,1.506805062294006348e+00,1.030418276786804199e+00,9.642993211746215820e-01,-8.227698206901550293e-01,-7.240893840789794922e-01,2.948962748050689697e-01,-1.041454672813415527e+00,6.817015260457992554e-02,1.883434295654296875e+00,3.027070462703704834e-01
1.803193092346191406e+00,4.012661427259445190e-02,-8.149865269660949707e-01,-9.887552261352539062e-01,6.954705715179443359e-01,1.274484395980834961e+00,1.329203605651855469e+00,-1.575180888175964355e-01,5.567913055419921875e-01,-6.129817366600036621e-01,-1.026636123657226562e+00,-1.007349610328674316e+00,1.622957140207290649e-01,1.774404197931289673e-01,-5.707241296768188477e-01,2.586947977542877197e-01,2.659468650817871094e+00,-2.118271589279174805e+00,-5.802594423294067383e-01,-5.577594041824340820e-01,-1.612038969993591309e+00,2.382081747055053711e-01,-1.350615143775939941e+00,1.189171195030212402e+00,1.009081840515136719e+00,-9.487964510917663574e-01,-6.958053708076477051e-01,-1.308595985174179077e-01,3.735454753041267395e-02,5.879016518592834473e-01,1.641948521137237549e-01,8.635225147008895874e-02,-3.166016936302185059e-01,3.260000646114349365e-01,-3.872099220752716064e-01,5.768588781356811523e-01,4.624990224838256836e-01,1.209081411361694336e+00,1.722190737724304199e+00,-1.837407827377319336e+00,-1.032668471336364746e+00,8.138399720191955566e-01,1.032177209854125977e+00,2.005895227193832397e-01,5.664978027343750000e-01,1.078233838081359863e+00,1.323482871055603027e+00,-8.105456829071044922e-01,1.016335844993591309e+00,-9.535897374153137207e-01,1.642591118812561035e+00,-9.201481938362121582e-01,-1.862238496541976929e-01,-8.084196448326110840e-01,1.556627988815307617e+00,3.791189491748809814e-01,1.479661703109741211e+00,-1.750959038734436035e+00,-2.669173240661621094e+00,5.537307262420654297e-02,4.523663520812988281e-01,3.754930496215820312e-01,1.572378039360046387e+00,5.998981595039367676e-01,4.739845544099807739e-02,1.084460094571113586e-01,1.474610209465026855e+00,3.988892957568168640e-02,2.166568189859390259e-01,6.379500031471252441e-01,1.194293975830078125e+00,9.887602925300598145e-02,-3.245714306831359863e-01,-1.509573817253112793e+00,1.392278075218200684e+00,-5.251782536506652832e-01,2.205184459686279297e+00,1.200582623481750488e+00,-9.481534361839294434e-01,1.355482220649719238e+00,8.416697978973388672e-01,-2.344660520553588867e+00,1.074114561080932617e+00,9.132608771324157715e-01,-6.288079023361206055e-01,-1.724285960197448730e+00,1.893946290016174316e+00,4.289507567882537842e-01,-1.891331672668457031e-01,9.185649156570434570e-01,-6.238756179809570312e-01,-6.454200148582458496e-01,9.107677340507507324e-01,3.253209114074707031e+00,-2.677356004714965820e-01,-1.011071801185607910e+00,1.525465250015258789e+00,9.306256175041198730e-01,9.016588330268859863e-02,4.703426063060760498e-01,-1.741909533739089966e-01,-1.369224041700363159e-01,-1.589193642139434814e-01,1.098532319068908691e+00,-1.853580594062805176e+00,1.117328643798828125e+00,1.247116088867187500e+00,9.280293583869934082e-01,-5.774576663970947266e-01,1.084493994712829590e+00,-2.119449712336063385e-02,1.297662686556577682e-02,3.021803312003612518e-02,-1.472295522689819336e+00,-1.239968180656433105e+00,1.076373815536499023e+00,1.160335540771484375e+00,-4.035937488079071045e-01,1.124903798103332520e+00,2.107466220855712891e+00,5.714449286460876465e-01,1.428201794624328613e+00,-1.215668320655822754e+00,1.169329166412353516e+00,-1.887992262840270996e+00,-1.729321837425231934e+00,-1.470268011093139648e+00,1.073705792427062988e+00,1.447966337203979492e+00,1.652955532073974609e+00,2.334770202636718750e+00,4.712159931659698486e-01,-5.120574235916137695e-01,-1.669021248817443848e+00,6.438421458005905151e-02,-1.178801536560058594e+00,1.180895328521728516e+00,-3.544983565807342529e-01,9.484475255012512207e-01,-1.833935379981994629e+00,1.838307827711105347e-01,-1.408443093299865723e+00,2.893669903278350830e-01,-7.773312330245971680e-01,9.123889803886413574e-01,-1.322035431861877441e+00,1.272256255149841309e+00,5.143905282020568848e-01,8.078091591596603394e-02,9.508733153343200684e-01,2.873788177967071533e-01,1.342668175697326660e+00,-2.103279829025268555e+00,-4.086027145385742188e-01,-3.413955867290496826e-01,-8.608507513999938965e-01,5.616144537925720215e-01,-1.189903140068054199e+00,-8.406902551651000977e-01,-1.096385493874549866e-01,1.167259216308593750e+00,1.597588062286376953e+00,1.659125447273254395e+00,7.752064466476440430e-01,-1.198966860771179199e+00,-2.919050306081771851e-02,-1.584939002990722656e+00,1.156079649925231934e+00,7.751848548650741577e-02,-5.240311622619628906e-01,1.252105712890625000e+00,3.507193028926849365e-01,-7.938904166221618652e-01,1.054169178009033203e+00,-1.251067221164703369e-01,-3.138499334454536438e-02,1.676234602928161621e+00,8.205702304840087891e-01,1.362744212150573730e+00,-1.300873517990112305e+00,2.332963049411773682e-02,6.312823891639709473e-01,-1.151470422744750977e+00,-4.896855950355529785e-01,1.267203837633132935e-01,-1.038477897644042969e+00,2.417024374008178711e-01,1.135448932647705078e+00,1.250498175621032715e+00,-1.330815911293029785e+00,5.537794232368469238e-01,1.254410624504089355e+00,-2.251128107309341431e-01,1.187087416648864746e+00,1.156937122344970703e+00,-1.528960704803466797e+00,-6.141318380832672119e-02,9.668011069297790527e-01,1.144816040992736816e+00,-2.809486865997314453e+00
4.487758576869964600e-01,7.313592433929443359e-01,-7.144072651863098145e-02,1.271950006484985352e+00,6.044865027070045471e-02,1.618840336799621582e+00,9.247049689292907715e-01,2.166137218475341797e+00,7.079414725303649902e-01,-2.027997523546218872e-01,1.724959164857864380e-01,1.801697254180908203e+00,2.687971830368041992e+00,-9.252686798572540283e-02,4.315777719020843506e-01,-7.802261114120483398e-01,-6.065782904624938965e-01,9.713196195662021637e-03,3.969334363937377930e-01,-3.930954635143280029e-01,6.939526200294494629e-01,-9.977759122848510742e-01,7.188616394996643066e-01,1.038566231727600098e+00,6.313915848731994629e-01,-3.827123641967773438e-01,-2.393041849136352539e+00,2.479161620140075684e-01,3.704958558082580566e-01,-3.997549116611480713e-01,7.681500911712646484e-01,-2.778415679931640625e-01,1.072208285331726074e+00,-1.300606489181518555e+00,-5.391589403152465820e-01,1.049180150032043457e+00,-3.087770938873291016e-01,6.410805583000183105e-01,2.105860710144042969e+00,7.223477363586425781e-01,1.337729543447494507e-01,-2.994585335254669189e-01,-8.263347148895263672e-01,-2.302397012710571289e+00,3.046136796474456787e-01,2.519449889659881592e-01,-1.066811800003051758e+00,-1.972730517387390137e+00,1.426562070846557617e-01,-1.229868650436401367e+00,-1.474625349044799805e+00,1.359737515449523926e+00,1.895591765642166138e-01,1.901611447334289551e+00,7.511121034622192383e-01,3.998690843582153320e-02,2.770001888275146484e+00,3.518188595771789551e-01,-1.321946740150451660e+00,4.227164387702941895e-01,7.657580077648162842e-02,-4.570649564266204834e-01,7.566064596176147461e-01,1.468193888664245605e+00,-1.370524168014526367e-01,-2.677882015705108643e-01,7.939062118530273438e-01,-2.097049802541732788e-01,-7.145292162895202637e-01,-4.089481383562088013e-02,-6.429758071899414062e-01,-5.975713133811950684e-01,1.340380549430847168e+00,1.701314449310302734e+00,1.124557733535766602e+00,9.337993860244750977e-01,-2.573311924934387207e-01,-3.620954155921936035e-01,-1.105279326438903809e+00,1.268747329711914062e+00,4.024244248867034912e-01,6.923955082893371582e-01,9.473716020584106445e-01,3.420229554176330566e-01,-8.554931879043579102e-01,-6.267856955528259277e-01,1.377293467521667480e-01,-6.767575144767761230e-01,2.971759065985679626e-02,9.566766619682312012e-01,4.552557468414306641e-01,1.383162260055541992e+00,-2.417115688323974609e+00,1.324451416730880737e-01,-6.139898300170898438e-01,-4.278376325964927673e-02,1.259255409240722656e-01,1.442109644412994385e-01,3.171198815107345581e-02,1.338687241077423096e-01,-3.164300322532653809e-01,-3.273548781871795654e-01,-3.516301810741424561e-01,1.060905694961547852e+00,-7.597930431365966797e-01,-1.758258491754531860e-01,2.714365124702453613e-01,9.008194804191589355e-01,-1.889226198196411133e+00,-1.170510530471801758e+00,5.376885533332824707e-01,-2.153616398572921753e-02,-6.156631112098693848e-01,2.488715797662734985e-01,-5.077629685401916504e-01,-8.497241139411926270e-01,7.272354364395141602e-01,3.690972924232482910e-01,-2.564623951911926270e-01,-6.650693714618682861e-02,-8.943700194358825684e-01,2.145108938217163086e+00,5.465350151062011719e-01,2.249394655227661133e-01,-1.456232666969299316e+00,-1.951968193054199219e+00,1.841814637184143066e+00,1.613096952438354492e+00,-1.239163994789123535e+00,-2.781506061553955078e+00,1.035709023475646973e+00,-3.475942090153694153e-02,4.648136794567108154e-01,-1.580313682556152344e+00,-3.887386620044708252e-01,-3.476544320583343506e-01,1.131598472595214844e+00,1.024155378341674805e+00,-4.624764323234558105e-01,-5.436332225799560547e-01,4.199586510658264160e-01,6.266686320304870605e-01,-2.396766655147075653e-02,7.648863196372985840e-01,-5.827640891075134277e-01,-4.613518714904785156e-01,1.522095799446105957e+00,-1.077155351638793945e+00,9.897264242172241211e-01,7.228684425354003906e-01,2.383312135934829712e-01,1.976446509361267090e+00,-1.997424244880676270e+00,1.637841701507568359e+00,6.514246463775634766e-01,-3.962837159633636475e-02,-1.177711933851242065e-01,3.216071426868438721e-01,7.236817479133605957e-01,6.722528338432312012e-01,7.536102086305618286e-02,-2.093854546546936035e-01,6.587200164794921875e-01,8.613764047622680664e-01,8.493613004684448242e-01,-5.766551196575164795e-02,4.248935878276824951e-01,-1.177406668663024902e+00,5.191525816917419434e-01,2.554246902465820312e+00,1.596854805946350098e+00,-4.950235486030578613e-01,-3.501102030277252197e-01,-1.530224800109863281e+00,1.841892600059509277e+00,-5.003752708435058594e-01,3.905277252197265625e-01,7.055659294128417969e-01,-5.475553274154663086e-01,-1.419540405273437500e+00,1.196290373802185059e+00,1.747193336486816406e-01,1.019012570381164551e+00,1.839263319969177246e+00,5.889825224876403809e-01,-9.131276011466979980e-01,1.254992604255676270e+00,-8.048796653747558594e-01,1.177178025245666504e+00,-3.267127871513366699e-01,-7.206369191408157349e-02,1.459535002708435059e+00,3.519063293933868408e-01,1.699684113264083862e-01,1.447821706533432007e-01,1.489090800285339355e+00,-6.454052329063415527e-01,9.503211975097656250e-01,5.498736500740051270e-01,5.214424729347229004e-01
-1.106140971183776855e+00,-1.075633883476257324e+00,-3.134553134441375732e-01,9.293321371078491211e-01,-1.116442203521728516e+00,2.690832614898681641e+00,1.206294775009155273e+00,5.437190532684326172e-01,3.690001368522644043e-01,6.483450531959533691e-01,5.774437189102172852e-01,-5.359974503517150879e-01,-9.909468889236450195e-02,6.350300908088684082e-01,1.387852430343627930e+00,1.246580123901367188e+00,7.107647657394409180e-01,6.400574445724487305e-01,-1.506477952003479004e+00,-1.984319448471069336e+00,1.589509129524230957e+00,-7.080723047256469727e-01,-9.613835215568542480e-01,-5.640101432800292969e-01,-1.286231637001037598e+00,-1.045423150062561035e+00,1.382156848907470703e+00,4.847073554992675781e-01,-3.636609017848968506e-01,1.395429849624633789e+00,4.804922640323638916e-01,-1.244522094726562500e+00,-1.178833246231079102e+00,2.676049172878265381e-01,1.204112052917480469e+00,-5.292502641677856445e-01,-9.532443881034851074e-01,8.637008666992187500e-01,-6.408334970474243164e-01,-1.597075104713439941e+00,-2.125599980354309082e-01,-6.281467080116271973e-01,6.295071244239807129e-01,1.002227902412414551e+00,-1.609899997711181641e+00,2.269866019487380981e-01,2.933521270751953125e-01,-1.885990053415298462e-01,3.392660617828369141e-01,-6.973409652709960938e-01,1.541848421096801758e+00,1.481704115867614746e+00,4.004894495010375977e-01,-1.132873296737670898e-01,-4.793644547462463379e-01,5.651495456695556641e-01,9.496190547943115234e-01,-5.865913629531860352e-01,-7.147340476512908936e-02,-2.245561838150024414e+00,-4.471151828765869141e-01,-7.847803235054016113e-01,3.591191470623016357e-01,2.851199507713317871e-01,8.345364928245544434e-01,1.090333223342895508e+00,2.064857399091124535e-03,9.502632170915603638e-02,-6.851602196693420410e-01,2.277125597000122070e+00,-1.880158662796020508e+00,-1.364253759384155273e+00,-1.258573770523071289e+00,1.618606448173522949e+00,1.679277420043945312e+00,4.336527287960052490e-01,4.132151901721954346e-01,1.214839935302734375e+00,-6.427039504051208496e-01,-1.151878312230110168e-01,-2.382102757692337036e-01,-8.260540366172790527e-01,-3.764052093029022217e-01,-6.239797472953796387e-01,-1.715557813644409180e+00,1.758935302495956421e-02,-1.230828166007995605e-01,5.032970309257507324e-01,1.364948868751525879e+00,-3.352220952510833740e-01,-1.214812874794006348e+00,5.179242417216300964e-02,1.075699687004089355e+00,-7.504701614379882812e-01,-2.298143506050109863e-01,-3.433081805706024170e-01,-7.405454516410827637e-01,-2.552379369735717773e-01,3.778366744518280029e-02,1.749390959739685059e+00,-1.476262688636779785e+00,1.477486371994018555e+00,-4.753724485635757446e-02,-2.436142265796661377e-01,-3.891322016716003418e-01,-1.907557368278503418e+00,5.600831471383571625e-03,1.904573440551757812e-01,7.108881473541259766e-01,1.034800767898559570e+00,5.750200748443603516e-01,-5.718572139739990234e-01,-1.081612855195999146e-01,1.894637823104858398e+00,-9.052940011024475098e-01,1.492056965827941895e+00,5.586436986923217773e-01,-4.161612987518310547e-01,6.415664553642272949e-01,-4.940938055515289307e-01,9.838109463453292847e-02,1.092729926109313965e+00,-2.220913469791412354e-01,-5.547423958778381348e-01,6.873240470886230469e-01,-3.548689782619476318e-01,1.103129506111145020e+00,8.031067252159118652e-01,7.594965100288391113e-01,-2.874552965164184570e+00,-3.537681400775909424e-01,-3.285069763660430908e-01,-9.046487510204315186e-02,9.470940232276916504e-01,6.284000277519226074e-01,5.067507550120353699e-02,1.634454369544982910e+00,1.236153841018676758e+00,9.859572052955627441e-01,8.535819649696350098e-01,1.687958359718322754e+00,-1.511529445648193359e+00,1.622140049934387207e+00,-1.351170301437377930e+00,-2.224203646183013916e-01,1.278081983327865601e-01,-1.267413854598999023e+00,-1.416148900985717773e+00,-8.712225556373596191e-01,-1.003566980361938477e+00,1.532084584236145020e+00,6.792334467172622681e-02,3.766506314277648926e-01,3.029563426971435547e-01,-7.041037082672119141e-01,-3.076325058937072754e-01,7.086870074272155762e-01,1.211837381124496460e-01,-7.999290823936462402e-01,-1.375414878129959106e-01,7.905772924423217773e-01,-1.546465158462524414e+00,9.863181114196777344e-01,-4.812626242637634277e-01,5.014389753341674805e-01,-1.898210644721984863e+00,-1.476552248001098633e+00,-1.466904520988464355e+00,3.371621072292327881e-01,-1.925514101982116699e+00,-1.311190873384475708e-01,7.918226718902587891e-02,-8.939741849899291992e-01,9.343158602714538574e-01,2.422846853733062744e-02,4.588220715522766113e-01,-9.730633497238159180e-01,3.640079796314239502e-01,2.607647180557250977e-01,-6.081556677818298340e-01,1.166628524661064148e-01,-9.058795571327209473e-01,-1.367967247962951660e+00,1.840715169906616211e+00,-5.723891854286193848e-01,1.504069715738296509e-01,1.738999843597412109e+00,1.813483119010925293e+00,8.282621502876281738e-01,1.133237034082412720e-01,9.229741692543029785e-01,-1.704197049140930176e+00,1.070214033126831055e+00,-4.591391980648040771e-01,-6.549997329711914062e-01,-2.876267433166503906e-01,1.084030419588088989e-01,-7.949439883232116699e-01,-7.749727964401245117e-01,1.498169064521789551e+00
6.662840247154235840e-01,1.144155621528625488e+00,-1.093941807746887207e+00,-1.813743412494659424e-01,2.242934703826904297e-02,-5.973784327507019043e-01,-2.589638233184814453e-01,-2.210444688796997070e+00,5.380879044532775879e-01,1.129574656486511230e+00,6.412417292594909668e-01,3.061419585719704628e-03,-1.407294869422912598e+00,1.080106139183044434e+00,-5.633616447448730469e-01,1.992699265480041504e+00,-2.752399742603302002e-01,-3.010212676599621773e-03,4.456486105918884277e-01,3.697822093963623047e-01,-4.137819707393646240e-01,9.966668486595153809e-01,-2.263957262039184570e+00,6.753045320510864258e-01,-1.712833166122436523e+00,-1.325185447931289673e-01,-4.867828488349914551e-01,-2.008432626724243164e+00,-6.746520400047302246e-01,1.087213635444641113e+00,2.405577152967453003e-01,2.536750733852386475e-01,7.076075673103332520e-01,1.298771705478429794e-02,-3.116963207721710205e-01,-1.806569546461105347e-01,4.871186241507530212e-02,1.329547524452209473e+00,4.895011484622955322e-01,-1.338461935520172119e-01,1.060859680175781250e+00,1.045278072357177734e+00,4.393875896930694580e-01,-6.475839018821716309e-01,-5.748726725578308105e-01,3.098067343235015869e-01,-1.765181303024291992e+00,1.493625760078430176e+00,-5.458589792251586914e-01,-1.997334003448486328e+00,1.690998226404190063e-01,-4.951027631759643555e-01,-5.811768770217895508e-01,5.558935999870300293e-01,3.872937560081481934e-01,-1.107288971543312073e-01,2.918058931827545166e-01,1.414174795150756836e+00,8.207439184188842773e-01,1.874469518661499023e+00,1.471256494522094727e+00,4.558875858783721924e-01,2.851955652236938477e+00,-1.179366946220397949e+00,1.120266988873481750e-01,1.192229866981506348e+00,-1.505838990211486816e+00,-2.823040485382080078e-01,2.300180941820144653e-01,-9.947474598884582520e-01,-8.397443294525146484e-01,1.813654303550720215e+00,4.605425000190734863e-01,-5.641625076532363892e-02,-3.094323575496673584e-01,1.504141211509704590e+00,-1.659488320350646973e+00,1.270788162946701050e-01,-6.807349920272827148e-01,-1.493007875978946686e-02,-4.788821041584014893e-01,1.018933296203613281e+00,-1.113210916519165039e+00,3.106455802917480469e-01,-3.623012602329254150e-01,7.798016071319580078e-01,-8.232532739639282227e-01,4.986314773559570312e-01,-1.353019714355468750e+00,1.504887104034423828e+00,6.250217556953430176e-01,1.165576100349426270e+00,-1.997403264045715332e+00,-7.307866811752319336e-01,5.517274737358093262e-01,-2.749157249927520752e-01,5.621827244758605957e-01,1.221079193055629730e-02,-4.773717820644378662e-01,5.765604600310325623e-02,1.751440018415451050e-02,-8.164984583854675293e-01,6.625731587409973145e-01,-4.788365066051483154e-01,8.402633070945739746e-01,3.140212297439575195e-01,1.723816514015197754e+00,-5.099745988845825195e-01,4.606667160987854004e-01,-1.464281439781188965e+00,-6.292126178741455078e-01,1.563986420631408691e+00,9.624037742614746094e-01,-3.227620124816894531e-01,1.541361927986145020e+00,-6.066660881042480469e-01,5.819488167762756348e-01,-2.309558242559432983e-01,3.019615411758422852e+00,-2.447719424962997437e-01,3.345526754856109619e-01,2.129349410533905029e-01,4.394761621952056885e-01,1.538692861795425415e-01,-6.720294952392578125e-01,1.253703951835632324e+00,1.078609943389892578e+00,-7.596513628959655762e-01,-4.760937690734863281e-01,-3.224593773484230042e-02,9.570279717445373535e-02,-8.229837417602539062e-01,4.029043391346931458e-02,-5.575591325759887695e-01,9.095507264137268066e-01,8.877531886100769043e-01,4.666966795921325684e-01,-6.996310949325561523e-01,-4.905889034271240234e-01,1.902419447898864746e+00,2.242735922336578369e-01,-6.013039946556091309e-01,1.293731331825256348e+00,-2.799817323684692383e-01,9.837710857391357422e-01,-8.834262490272521973e-01,-1.710280060768127441e+00,-1.298823595046997070e+00,-1.539144873619079590e+00,-1.827540159225463867e+00,3.611278235912322998e-01,-1.284046411514282227e+00,-3.222139179706573486e-01,3.552611172199249268e-02,-5.614516735076904297e-01,-2.467029839754104614e-01,-1.068811058998107910e+00,8.440650701522827148e-01,3.895498514175415039e-01,-1.670946359634399414e+00,1.730253338813781738e+00,2.029201507568359375e+00,3.326064944267272949e-01,1.030705794692039490e-01,5.695853829383850098e-01,-4.843402504920959473e-01,7.008224129676818848e-01,-1.680456280708312988e+00,-8.233824372291564941e-02,-1.076536774635314941e+00,-5.411413908004760742e-01,-2.023843526840209961e+00,-1.710778325796127319e-01,-6.112420558929443359e-01,2.295358419418334961e+00,9.005585908889770508e-01,8.959190249443054199e-01,-5.927937626838684082e-01,-4.587683677673339844e-01,6.469132304191589355e-01,2.321023702621459961e+00,1.051387190818786621e+00,5.709583163261413574e-01,-6.111264824867248535e-01,-3.316057324409484863e-01,1.935094892978668213e-01,-4.631654024124145508e-01,-3.904861509799957275e-01,9.876251816749572754e-01,-6.571081876754760742e-01,4.792634025216102600e-02,2.322629213333129883e+00,-1.477880954742431641e+00,1.383928209543228149e-01,-8.796300888061523438e-01,-1.028936147689819336e+00,6.003995537757873535e-01,-5.767663717269897461e-01,1.749511241912841797e+00,-6.561570763587951660e-01
-1.379721045494079590e+00,9.046614766120910645e-01,3.315448760986328125e-03,9.989620447158813477e-01,-2.550314962863922119e-01,1.959972858428955078e+00,1.423560976982116699e+00,-1.031473636627197266e+00,7.756497859954833984e-01,2.354294300079345703e+00,6.528046727180480957e-01,-1.575392365455627441e+00,5.502718687057495117e-01,-4.032484441995620728e-02,-2.471859753131866455e-01,1.325400590896606445e+00,-6.744827628135681152e-01,-5.380354523658752441e-01,3.532398641109466553e-01,-4.251488745212554932e-01,6.140897870063781738e-01,-7.085793614387512207e-01,-9.489481449127197266e-01,-1.533495306968688965e+00,-5.036091804504394531e-02,-4.530452191829681396e-01,-5.746969580650329590e-01,-6.511200666427612305e-01,1.178526356816291809e-01,-4.955784976482391357e-01,3.265561163425445557e-01,1.098969697952270508e+00,9.624243713915348053e-03,-1.665037393569946289e+00,1.038119912147521973e+00,2.354201793670654297e+00,-8.653463721275329590e-01,1.100472688674926758e+00,-5.117148160934448242e-01,-9.560965746641159058e-02,3.602542355656623840e-02,-1.572247862815856934e+00,-1.215872406959533691e+00,-8.216228485107421875e-01,2.155646562576293945e+00,3.221529424190521240e-01,4.318126142024993896e-01,-4.431594908237457275e-01,-3.217807710170745850e-01,-4.673141241073608398e-01,9.829463362693786621e-01,4.893038049340248108e-02,-4.500401020050048828e-02,1.391910910606384277e+00,3.262610137462615967e-01,-4.600711911916732788e-02,1.309769460931420326e-03,8.419145941734313965e-01,2.784462571144104004e-01,-1.125784039497375488e+00,-8.411803245544433594e-01,-1.719259500503540039e+00,7.084112167358398438e-01,-3.598837256431579590e-01,2.700958251953125000e+00,7.087803483009338379e-01,-3.106339871883392334e-01,-1.741402983665466309e+00,-2.191461563110351562e+00,-1.261666864156723022e-01,-3.263234198093414307e-01,-1.499940752983093262e+00,-6.838725209236145020e-01,-1.058190941810607910e+00,-8.170688748359680176e-01,1.838639616966247559e+00,-8.922677487134933472e-02,-1.736938953399658203e-01,2.709269821643829346e-01,2.452760785818099976e-01,-7.828224897384643555e-01,-1.005834579467773438e+00,-3.379151523113250732e-01,-2.516238689422607422e-01,-2.934621274471282959e-01,-1.777758717536926270e+00,3.061266839504241943e-01,-8.247891068458557129e-02,3.192583024501800537e-01,1.907751202583312988e+00,1.215731143951416016e+00,1.180024147033691406e+00,-4.937610924243927002e-01,-1.094667688012123108e-01,-6.640433669090270996e-01,3.046997189521789551e-01,-1.380776524543762207e+00,9.672488570213317871e-01,-6.650385856628417969e-01,-5.442760586738586426e-01,1.662262380123138428e-01,-3.812626600265502930e-01,-3.474415540695190430e-01,2.302356958389282227e+00,4.910597205162048340e-01,-1.930569887161254883e+00,-5.889018177986145020e-01,3.245386779308319092e-01,7.201735377311706543e-01,5.695755779743194580e-02,3.466261327266693115e-01,2.710527479648590088e-01,-7.124387025833129883e-01,-8.443354964256286621e-01,-8.037812709808349609e-01,-9.312558770179748535e-01,7.470464110374450684e-01,1.259052038192749023e+00,7.170753479003906250e-01,2.301803588867187500e+00,-4.790831804275512695e-01,-6.566305756568908691e-01,-2.100251168012619019e-01,5.935490727424621582e-01,6.156854033470153809e-01,-1.958316750824451447e-02,2.026017189025878906e+00,1.246603727340698242e+00,8.013787865638732910e-01,1.197719931602478027e+00,-1.845025777816772461e+00,-8.337298631668090820e-01,6.414960622787475586e-01,-2.115135192871093750e-01,2.814310975372791290e-02,2.325701475143432617e+00,5.479825735092163086e-01,-2.277814149856567383e-01,-1.808392882347106934e+00,-1.571242660284042358e-01,5.823102593421936035e-01,-1.954930663108825684e+00,-2.880928516387939453e-01,-4.831019788980484009e-02,8.793159723281860352e-01,-5.407087504863739014e-02,1.517138600349426270e+00,2.641523182392120361e-01,-6.978673934936523438e-01,4.296035468578338623e-01,-2.130496315658092499e-02,-2.139232873916625977e+00,-1.107834219932556152e+00,1.319231152534484863e+00,-7.842817902565002441e-02,2.122737884521484375e+00,3.688813373446464539e-02,-3.010750055313110352e+00,6.903659701347351074e-01,-1.498791456222534180e+00,1.917804360389709473e+00,-4.772825837135314941e-01,1.614374160766601562e+00,2.593766152858734131e-01,-7.320523262023925781e-01,-2.195688039064407349e-01,-8.030141592025756836e-01,1.679374217987060547e+00,-7.828797698020935059e-01,1.399334311485290527e+00,5.280404686927795410e-01,8.005641102790832520e-01,6.951592117547988892e-02,2.927099764347076416e-01,-2.605638802051544189e-01,1.188166737556457520e+00,9.231304526329040527e-01,-1.595327138900756836e+00,-5.336191654205322266e-01,-1.490820407867431641e+00,1.967650294303894043e+00,-5.866059660911560059e-01,3.491314053535461426e-01,-1.949179172515869141e+00,-3.183767199516296387e-01,8.867099881172180176e-01,-1.743125468492507935e-01,5.653426051139831543e-01,1.469773888587951660e+00,-8.380886316299438477e-01,4.682627618312835693e-01,-6.379774212837219238e-01,-3.711736202239990234e-01,6.662860512733459473e-01,4.128805100917816162e-01,-5.003067478537559509e-02,6.359280943870544434e-01,1.255261525511741638e-02,-6.047708988189697266e-01,-2.062782049179077148e+00
-2.532736957073211670e-01,9.267783164978027344e-01,2.053831100463867188e+00,1.942816853523254395e+00,-9.149824827909469604e-02,-2.585344314575195312e-01,1.178623810410499573e-01,3.633888959884643555e-01,-4.655625224113464355e-01,3.646043539047241211e-01,1.406917810440063477e+00,2.009451091289520264e-01,4.351983666419982910e-01,-1.579741358757019043e+00,-4.165910184383392334e-01,2.613190710544586182e-01,1.639736056327819824e+00,-3.627303615212440491e-02,-2.295340538024902344e+00,-2.628488779067993164e+00,1.329331040382385254e+00,2.823693454265594482e-01,-1.186129331588745117e+00,2.474317252635955811e-01,7.472722530364990234e-01,-3.455654978752136230e-01,-2.131225347518920898e+00,3.408854007720947266e-01,8.930134773254394531e-01,-8.797258734703063965e-01,-2.413921833038330078e+00,-2.374525070190429688e-01,-3.088804427534341812e-03,-7.997918128967285156e-01,1.268195390701293945e+00,-1.950270056724548340e+00,8.892745375633239746e-01,1.367836475372314453e+00,-1.664278656244277954e-01,6.039283275604248047e-01,-2.155247777700424194e-01,-1.520617604255676270e-01,6.907636672258377075e-02,-2.337545007467269897e-01,4.907850548624992371e-02,-9.360321760177612305e-01,-6.434567570686340332e-01,-1.066327169537544250e-01,-5.955452322959899902e-01,4.962969198822975159e-02,6.031143069267272949e-01,2.214803099632263184e-01,-7.753805518150329590e-01,2.697000503540039062e-01,-1.570616364479064941e+00,-1.261577010154724121e+00,9.733982682228088379e-01,5.782368183135986328e-01,-4.790211841464042664e-02,-1.139360070228576660e+00,-3.403469622135162354e-01,4.099586009979248047e-01,9.904934167861938477e-01,-9.372112900018692017e-02,1.467612504959106445e+00,-8.815742731094360352e-01,9.803619980812072754e-01,1.373627185821533203e-01,-4.704379141330718994e-01,4.079943001270294189e-01,-2.291466593742370605e-01,1.648840308189392090e+00,-6.739534139633178711e-01,1.947091579437255859e+00,-1.298108816146850586e+00,1.327805161476135254e+00,4.748694300651550293e-01,-6.656147837638854980e-01,5.152218937873840332e-01,8.651932328939437866e-02,-4.054317772388458252e-01,-1.520090550184249878e-02,-1.980654954910278320e+00,1.384112358093261719e+00,4.938139021396636963e-02,-5.620419047772884369e-03,-3.752904236316680908e-01,7.505594938993453979e-02,1.075708031654357910e+00,2.466305941343307495e-01,1.081826567649841309e+00,-6.947991997003555298e-02,-2.700316011905670166e-01,-5.094805955886840820e-01,-7.247864007949829102e-01,-1.719914674758911133e+00,3.167252779006958008e+00,1.010632276535034180e+00,1.299603223800659180e+00,2.205587387084960938e+00,-1.190878272056579590e+00,-6.127771735191345215e-01,1.680528163909912109e+00,7.919045686721801758e-01,4.358772039413452148e-01,8.376606702804565430e-01,-1.413561940193176270e+00,5.254696011543273926e-01,7.668469548225402832e-01,-1.051045283675193787e-01,-5.424440503120422363e-01,-1.461302161216735840e+00,-6.749522686004638672e-01,-1.378706004470586777e-02,1.607854813337326050e-01,-3.427070975303649902e-01,-7.475353777408599854e-02,1.898918300867080688e-01,1.523386985063552856e-01,7.950868606567382812e-01,-3.354626595973968506e-01,-7.779737114906311035e-01,-8.066514730453491211e-01,3.747624456882476807e-01,9.628623127937316895e-01,1.712335348129272461e+00,1.351089775562286377e-01,1.570384025573730469e+00,-8.971504569053649902e-01,-1.645236372947692871e+00,-5.641758441925048828e-03,-2.905048727989196777e-01,1.023559451103210449e+00,5.779286623001098633e-01,2.803415656089782715e-01,-1.120250821113586426e+00,1.577509522438049316e+00,3.754841983318328857e-01,1.794510520994663239e-02,4.628021121025085449e-01,1.234439373016357422e+00,-1.010954141616821289e+00,2.528915703296661377e-01,1.634267330169677734e+00,-1.179924845695495605e+00,3.258881866931915283e-01,-3.436129391193389893e-01,-1.473329663276672363e-01,1.873363137245178223e+00,-4.160138070583343506e-01,-6.284316070377826691e-03,2.723169565200805664e+00,-1.359303355216979980e+00,-1.971538901329040527e+00,5.045025348663330078e-01,2.864813327789306641e+00,3.535305559635162354e-01,-1.970924586057662964e-01,-5.324310660362243652e-01,5.543662309646606445e-01,1.441079378128051758e-01,-1.154500603675842285e+00,3.161839246749877930e-01,8.804294466972351074e-02,-5.078479647636413574e-01,1.194681882858276367e+00,-1.079632639884948730e+00,-6.067501902580261230e-01,1.226598620414733887e+00,-1.550387620925903320e+00,1.002485513687133789e+00,1.828525781631469727e+00,-4.049061238765716553e-02,2.350578010082244873e-01,9.174304455518722534e-02,1.436107307672500610e-01,-2.197607308626174927e-01,5.692220479249954224e-02,3.210372447967529297e+00,8.450153470039367676e-01,7.809010148048400879e-01,-7.919565439224243164e-01,1.116112232208251953e+00,1.754498958587646484e+00,2.369750589132308960e-01,-9.346871078014373779e-02,2.001089096069335938e+00,3.986396193504333496e-01,3.353492319583892822e-01,6.942865252494812012e-01,5.559701323509216309e-01,6.046071276068687439e-02,-8.068147897720336914e-01,1.341300010681152344e+00,-2.428846955299377441e-01,3.398524224758148193e-01,6.129642724990844727e-01,8.383355140686035156e-01,4.937594756484031677e-02,1.158802628517150879e+00
-2.106888890266418457e-01,-1.247622966766357422e+00,8.693692684173583984e-01,-1.672477722167968750e+00,-7.916899919509887695e-01,-1.484301567077636719e+00,1.146011948585510254e+00,1.757874846458435059e+00,8.286551237106323242e-01,-6.149527430534362793e-01,-7.542899250984191895e-01,6.238366961479187012e-01,1.833053231239318848e-01,-2.504786550998687744e-01,-2.620364427566528320e-01,-8.594459891319274902e-01,1.286890506744384766e+00,8.672916889190673828e-01,-1.282988190650939941e+00,-1.483707875013351440e-01,1.055111646652221680e+00,1.236309409141540527e+00,4.369443953037261963e-01,1.868179589509963989e-01,-8.825205266475677490e-02,9.380263686180114746e-01,1.806435227394104004e+00,-7.672736048698425293e-01,1.312739849090576172e+00,-5.273582935333251953e-01,-1.360308885574340820e+00,1.546867489814758301e+00,3.329603699967265129e-03,-1.542513012886047363e+00,-8.940692245960235596e-02,2.043437242507934570e+00,1.003528356552124023e+00,-3.930867016315460205e-01,-4.425384476780891418e-02,-1.230133295059204102e+00,-6.934341788291931152e-01,-6.919056773185729980e-01,-3.567925989627838135e-01,-2.624734304845333099e-02,-1.395465731620788574e+00,3.700816631317138672e-01,-1.314969509840011597e-01,3.987551033496856689e-01,-9.197082519531250000e-01,1.457515917718410492e-02,-5.261053442955017090e-01,-1.525323152542114258e+00,-1.481684684753417969e+00,-1.550447046756744385e-01,8.830029964447021484e-01,-4.384225308895111084e-01,-4.090051352977752686e-01,-6.852592825889587402e-01,1.576401233673095703e+00,8.236015439033508301e-01,8.812735676765441895e-01,8.905328512191772461e-01,-8.423913121223449707e-01,2.088058233261108398e+00,-6.140121817588806152e-02,-4.612293541431427002e-01,1.709256887435913086e+00,-1.965680837631225586e+00,-4.097857177257537842e-01,-2.672846317291259766e-01,-1.064091682434082031e+00,3.481616675853729248e-01,4.737307727336883545e-01,-1.593150973320007324e+00,1.818246208131313324e-02,-3.899070024490356445e-01,-1.133825182914733887e+00,-8.615595102310180664e-01,5.189243555068969727e-01,-2.286964207887649536e-01,-1.877236813306808472e-01,1.437084674835205078e+00,-5.541726350784301758e-01,-5.370486974716186523e-01,2.240638583898544312e-01,3.589551150798797607e-01,8.877945542335510254e-01,7.817077040672302246e-01,-2.501863718032836914e+00,-8.510163426399230957e-01,-1.248566865921020508e+00,-6.264248490333557129e-01,1.226108968257904053e-01,4.316087961196899414e-01,4.811547398567199707e-01,5.521491765975952148e-01,-1.643862843513488770e+00,-2.726078331470489502e-01,-7.570923566818237305e-01,-8.170919418334960938e-01,-1.290300250053405762e+00,-1.381193846464157104e-02,1.323422342538833618e-01,-4.410585761070251465e-01,4.203513860702514648e-01,-2.257753759622573853e-01,2.043426275253295898e+00,3.351085484027862549e-01,-6.920845508575439453e-01,1.048094108700752258e-01,-4.464156627655029297e-01,-1.305385589599609375e+00,2.537212669849395752e-01,-1.832598567008972168e+00,-3.313018381595611572e-01,-1.091423392295837402e+00,-9.710456132888793945e-01,-1.603289008140563965e+00,2.304230928421020508e-01,-1.118436098098754883e+00,-5.974626541137695312e-02,-3.666941775009036064e-03,-4.146079123020172119e-01,5.344092249870300293e-01,-1.265440583229064941e+00,3.074206590652465820e+00,6.486615538597106934e-01,-3.515705168247222900e-01,-2.210269719362258911e-01,-1.885902285575866699e-01,1.517184972763061523e-01,6.071236133575439453e-01,-2.445440888404846191e-01,-7.458984255790710449e-01,-4.644893854856491089e-02,-1.019404888153076172e+00,-2.163442373275756836e+00,-3.252221941947937012e-01,1.769274771213531494e-01,-8.325289487838745117e-01,-2.613381296396255493e-02,2.898645997047424316e-01,9.763258099555969238e-01,-5.074450280517339706e-03,4.237111508846282959e-01,-2.480857074260711670e-01,1.664983294904232025e-02,-8.222374320030212402e-01,-3.427654206752777100e-01,-8.322090506553649902e-01,-6.306827664375305176e-01,-6.691548824310302734e-01,-1.478841453790664673e-01,-2.224569469690322876e-01,-1.576998233795166016e-01,-2.283604592084884644e-01,-1.191987395286560059e+00,-3.797516822814941406e-01,-5.916414260864257812e-01,-1.692316532135009766e+00,-8.403714895248413086e-01,-4.130766689777374268e-01,-2.897701561450958252e-01,2.532963156700134277e-01,-7.508173584938049316e-01,1.130945324897766113e+00,7.000656425952911377e-02,5.983170866966247559e-01,-5.026612877845764160e-01,1.459891557693481445e+00,1.814498156309127808e-01,1.120653510093688965e+00,3.447996973991394043e-01,5.200155973434448242e-01,1.100219011306762695e+00,8.297342658042907715e-01,5.795547962188720703e-01,-7.536765933036804199e-01,1.612085998058319092e-01,7.622616887092590332e-01,-9.440886378288269043e-01,-1.341049075126647949e+00,3.016216456890106201e-01,2.452311813831329346e-01,-6.143551468849182129e-01,-5.700085163116455078e-01,4.985021948814392090e-01,-6.010962724685668945e-01,1.251915216445922852e+00,6.269441246986389160e-01,-6.586953997611999512e-01,-1.914681434631347656e+00,6.521692872047424316e-01,6.469749212265014648e-01,-5.370336174964904785e-01,-1.597795009613037109e+00,6.445290446281433105e-01,-7.285538911819458008e-01,2.852657794952392578e+00,5.442793965339660645e-01
-1.581265330314636230e+00,-3.239935874938964844e+00,4.946873486042022705e-01,4.497188925743103027e-01,1.711828112602233887e+00,1.023313403129577637e+00,6.642374992370605469e-01,4.976528584957122803e-01,-1.202456280589103699e-01,-5.775758028030395508e-01,-4.890191182494163513e-02,-5.168579220771789551e-01,-9.892086386680603027e-01,9.743016958236694336e-01,7.807524502277374268e-02,-4.295096099376678467e-01,1.350963473320007324e+00,-2.781810760498046875e+00,-1.811581254005432129e-01,-7.283062338829040527e-01,-6.160972118377685547e-01,-2.482852041721343994e-01,-9.898108839988708496e-01,3.160402476787567139e-01,-1.462096124887466431e-01,1.206997871398925781e+00,-1.569388866424560547e+00,-9.598949551582336426e-01,5.350266024470329285e-02,-1.801314592361450195e+00,-5.863174796104431152e-01,3.903757929801940918e-01,9.695050120353698730e-02,6.013399958610534668e-01,-2.206790596246719360e-01,1.580162286758422852e+00,1.594869136810302734e+00,9.962808489799499512e-01,-5.713087972253561020e-03,-1.739001631736755371e+00,1.389143466949462891e+00,-9.971832633018493652e-01,-6.451343744993209839e-02,4.053080081939697266e-01,9.187267422676086426e-01,1.429377794265747070e+00,1.622902274131774902e+00,4.372726678848266602e-01,9.048794507980346680e-01,1.604380846023559570e+00,-6.404775977134704590e-01,-1.438807249069213867e+00,7.629424333572387695e-01,1.775196433067321777e+00,-4.556815326213836670e-01,2.322568893432617188e+00,1.191273093223571777e+00,9.563714265823364258e-01,7.939342260360717773e-01,-2.788854837417602539e-01,-1.488297700881958008e+00,-1.756353974342346191e+00,2.518894374370574951e-01,1.532680511474609375e+00,-2.372214943170547485e-01,-1.121292114257812500e+00,-5.066690444946289062e-01,1.334301114082336426e+00,-3.875852823257446289e-01,8.174942731857299805e-01,-1.665686666965484619e-01,1.038719177246093750e+00,-1.548517227172851562e+00,4.524086117744445801e-01,-5.475715994834899902e-01,-4.451458454132080078e-01,1.921798586845397949e-01,2.957271635532379150e-01,3.711492717266082764e-01,4.378210604190826416e-01,8.810976743698120117e-01,4.349471628665924072e-01,2.488347738981246948e-01,6.638325005769729614e-02,1.676033586263656616e-01,8.249557018280029297e-01,-3.749300241470336914e-01,9.144068956375122070e-01,-1.076842784881591797e+00,-5.335063934326171875e-01,1.539954245090484619e-01,3.951098322868347168e-01,5.314915180206298828e-01,-1.393204569816589355e+00,-1.533236861228942871e+00,1.211930155754089355e+00,-4.117412865161895752e-01,-6.535945534706115723e-01,2.799456596374511719e+00,9.905257225036621094e-01,-4.704720675945281982e-01,1.313257098197937012e+00,-9.565662741661071777e-01,-8.734470009803771973e-01,-1.114566206932067871e+00,-1.067867428064346313e-01,2.796472907066345215e-01,2.231214791536331177e-01,4.950597882270812988e-01,7.199539542198181152e-01,4.061094224452972412e-01,-1.403357148170471191e+00,9.973185062408447266e-01,1.567338347434997559e+00,-8.737410306930541992e-01,-3.030405640602111816e-01,-5.274671316146850586e-01,-1.258359313011169434e+00,1.115668177604675293e+00,1.495301365852355957e+00,-4.834443628787994385e-01,-1.438158631324768066e+00,-1.520634651184082031e+00,-6.376249790191650391e-01,-5.523964762687683105e-01,1.162500739097595215e+00,1.606612920761108398e+00,-6.553398966789245605e-01,1.312561750411987305e+00,-5.845792293548583984e-01,5.995004773139953613e-01,5.070893168449401855e-01,1.858417391777038574e+00,3.592572808265686035e-01,1.503869056701660156e+00,7.322008013725280762e-01,-2.514330387115478516e+00,-1.598872780799865723e+00,-2.552049756050109863e-01,-9.339473396539688110e-02,-2.447791993618011475e-01,7.593559622764587402e-01,-2.199092149734497070e+00,-8.615205883979797363e-01,1.575438499450683594e+00,1.120041370391845703e+00,4.537387788295745850e-01,-3.123326692730188370e-03,4.522950649261474609e-01,-7.729045152664184570e-01,-1.063226222991943359e+00,2.136332839727401733e-01,1.922204196453094482e-01,-3.746489584445953369e-01,1.282235383987426758e+00,-7.903590798377990723e-01,1.266538619995117188e+00,-7.058647871017456055e-01,-9.865559339523315430e-01,-6.647424697875976562e-01,9.755878448486328125e-01,7.250959426164627075e-02,-1.111695885658264160e+00,-1.241010308265686035e+00,1.848601251840591431e-01,5.428894758224487305e-01,-7.595092058181762695e-01,-1.219518423080444336e+00,8.077287077903747559e-01,7.325698733329772949e-01,-3.407912254333496094e-01,-1.690778285264968872e-01,1.756281107664108276e-01,2.590535581111907959e-01,-2.510069310665130615e-01,5.896180272102355957e-01,-2.574488818645477295e-01,2.895206511020660400e-01,1.866989135742187500e+00,-1.406420350074768066e+00,-4.107228815555572510e-01,-1.255282044410705566e+00,-5.057139992713928223e-01,5.128081440925598145e-01,8.485008478164672852e-01,-1.136431574821472168e+00,-5.078364014625549316e-01,8.992974162101745605e-01,1.484288930892944336e+00,-3.849279284477233887e-01,3.757376968860626221e-01,-2.181753873825073242e+00,8.276123404502868652e-01,4.371818900108337402e-01,-3.074888885021209717e-02,1.089250326156616211e+00,-1.166461467742919922e+00,9.979961514472961426e-01,1.569538563489913940e-01,3.367241099476814270e-02
8.508934974670410156e-01,4.061057567596435547e-01,-3.023188114166259766e-01,-1.262012124061584473e+00,-1.639737129211425781e+00,4.501862525939941406e-01,-3.798745572566986084e-01,-5.625131130218505859e-01,5.121006816625595093e-02,-9.701254963874816895e-01,1.333098053932189941e+00,1.067920446395874023e+00,2.057497978210449219e+00,-8.823443055152893066e-01,1.207712054252624512e+00,2.032232433557510376e-01,-5.112419724464416504e-01,-2.510029673576354980e-01,-1.269344687461853027e+00,7.620711922645568848e-01,-1.386077553033828735e-01,-1.369735784828662872e-02,1.576562643051147461e+00,2.112179696559906006e-01,-6.324584782123565674e-02,6.677064299583435059e-02,-4.201562106609344482e-01,4.223636686801910400e-01,1.093195602297782898e-01,1.349330067634582520e+00,1.798105716705322266e+00,1.097858548164367676e+00,-1.781410217285156250e+00,-1.184865355491638184e+00,-1.654977917671203613e+00,1.497477412223815918e+00,-1.231205463409423828e+00,1.001594960689544678e-01,1.110493063926696777e+00,-7.306473851203918457e-01,1.651491373777389526e-01,-9.176876544952392578e-01,-2.038809657096862793e-02,3.185313045978546143e-01,2.908082485198974609e+00,-2.764263451099395752e-01,-1.020684838294982910e+00,-2.775086164474487305e-01,-4.078467190265655518e-01,3.781872987747192383e-01,1.369746446609497070e+00,7.089340090751647949e-01,-9.161533713340759277e-01,-2.260525822639465332e-01,4.886234700679779053e-01,-2.407553344964981079e-01,2.563219964504241943e-01,-2.423691749572753906e+00,-1.077219724655151367e+00,-1.173473358154296875e+00,3.521597087383270264e-01,1.250627279281616211e+00,-7.949776053428649902e-01,-6.003215312957763672e-01,-9.878550469875335693e-02,6.492128968238830566e-01,-6.584125757217407227e-01,-1.835152208805084229e-01,1.408168971538543701e-01,1.225932002067565918e+00,7.304321527481079102e-01,1.111594885587692261e-01,2.589044868946075439e-01,-3.840516805648803711e-01,-3.881341218948364258e-01,1.116698026657104492e+00,1.514318704605102539e+00,-7.892870903015136719e-02,5.796539783477783203e-01,1.689012527465820312e+00,3.998931050300598145e-01,-3.165458142757415771e-01,8.867726922035217285e-01,-6.267264485359191895e-01,6.099227070808410645e-01,1.647569537162780762e+00,-1.105176210403442383e+00,-2.328287363052368164e-01,1.200411677360534668e+00,1.063095808029174805e+00,-7.465823888778686523e-01,-8.584721684455871582e-01,-1.019984602928161621e+00,-8.589462637901306152e-01,-9.340493381023406982e-02,-1.742904543876647949e+00,-9.747356176376342773e-02,-8.429705500602722168e-01,-2.929844856262207031e-01,-1.553267836570739746e+00,6.223411113023757935e-02,1.290510773658752441e+00,1.304966092109680176e+00,2.355692684650421143e-01,1.231479287147521973e+00,1.417439937591552734e+00,-1.634437561035156250e+00,-9.438002854585647583e-02,3.756463825702667236e-01,4.033932089805603027e-02,1.020323038101196289e+00,1.046616137027740479e-01,9.564608931541442871e-01,3.126255273818969727e-01,-4.262342154979705811e-01,5.128151774406433105e-01,-1.607958823442459106e-01,4.935573041439056396e-01,-1.153097629547119141e+00,1.924619264900684357e-02,-7.919499278068542480e-01,-1.982978343963623047e+00,-2.445173740386962891e+00,-6.113062426447868347e-02,9.264551401138305664e-01,-9.802107810974121094e-01,1.105633974075317383e+00,-6.912280917167663574e-01,2.062751770019531250e+00,-2.440621703863143921e-01,1.341888666152954102e+00,5.137662291526794434e-01,-6.305138766765594482e-02,3.180166184902191162e-01,-5.328344702720642090e-01,-1.184174299240112305e+00,8.462231159210205078e-01,4.595510363578796387e-01,1.074396610260009766e+00,5.198915600776672363e-01,3.460606932640075684e-01,-1.107592344284057617e+00,-4.684935212135314941e-01,-1.690937876701354980e+00,-2.150465697050094604e-01,1.348196864128112793e+00,-1.004208803176879883e+00,4.951840937137603760e-01,1.101973295211791992e+00,-5.287383198738098145e-01,-4.470360577106475830e-01,2.021292686462402344e+00,-7.834413647651672363e-01,-4.339493066072463989e-02,-4.252483844757080078e-01,-8.942548632621765137e-01,8.395918607711791992e-01,-1.781601756811141968e-01,2.646006643772125244e-01,9.472064971923828125e-01,-6.952549815177917480e-01,-9.958583116531372070e-01,5.263150930404663086e-01,7.163295149803161621e-01,-1.332116603851318359e+00,-1.785295486450195312e+00,-1.015525981783866882e-01,-1.518068790435791016e+00,1.308302432298660278e-01,-8.527694344520568848e-01,6.771045923233032227e-01,5.660332441329956055e-01,-5.919500589370727539e-01,9.239161014556884766e-01,-5.059822797775268555e-01,-3.266712129116058350e-01,-2.623542547225952148e-01,3.848484754562377930e-01,-1.439475655555725098e+00,-6.220102310180664062e-01,-1.596337914466857910e+00,5.093565583229064941e-01,-5.163764953613281250e-01,-1.324546784162521362e-01,-6.102199554443359375e-01,5.093001723289489746e-01,-9.040684103965759277e-01,-8.542253971099853516e-01,-1.287960886955261230e+00,1.566289424896240234e+00,-8.366419076919555664e-01,7.381193637847900391e-01,-1.722083687782287598e-01,7.057771086692810059e-01,-1.551227807998657227e+00,-1.946707367897033691e+00,6.740415096282958984e-02,1.645298004150390625e+00,4.444945603609085083e-02,3.901148140430450439e-01
-2.991766929626464844e-01,-8.436837792396545410e-01,-5.568422079086303711e-01,-1.716617494821548462e-01,-7.069469094276428223e-01,1.452074766159057617e+00,6.748392581939697266e-01,5.969697833061218262e-01,3.589687049388885498e-01,7.388087511062622070e-01,-1.528112292289733887e+00,-1.400190114974975586e+00,2.515020966529846191e-01,1.353909015655517578e+00,1.022464632987976074e+00,1.460624575614929199e+00,-1.083459481596946716e-01,-1.674939036369323730e+00,1.472457766532897949e+00,-3.879749476909637451e-01,3.372739255428314209e-02,1.026823759078979492e+00,5.851219296455383301e-01,2.733255028724670410e-01,1.543923377990722656e+00,-2.710808068513870239e-02,2.497227668762207031e+00,-8.576992154121398926e-02,-5.050083398818969727e-01,-9.362800121307373047e-01,-2.894191741943359375e-01,-1.616478443145751953e+00,-1.305255293846130371e+00,-6.545702815055847168e-01,-1.002369642257690430e+00,1.293009519577026367e-01,-1.477430105209350586e+00,3.828471302986145020e-01,6.987626552581787109e-01,1.195127606391906738e+00,-6.956531405448913574e-01,4.555357396602630615e-01,1.443745255470275879e+00,-1.928030014038085938e+00,8.744340538978576660e-01,-1.464813232421875000e+00,3.806599080562591553e-01,3.378941714763641357e-01,-1.829034566879272461e+00,1.777233481407165527e-01,1.208278298377990723e+00,3.661478161811828613e-01,-2.798295021057128906e-01,2.529210150241851807e-01,9.119192957878112793e-01,6.429452300071716309e-01,-4.603409171104431152e-01,1.134244918823242188e+00,-5.851247906684875488e-01,1.542146444320678711e+00,2.568115592002868652e-01,9.560798406600952148e-01,-8.870174288749694824e-01,3.924630582332611084e-01,1.275478452444076538e-01,6.133224368095397949e-01,-1.534133911132812500e+00,-5.761709213256835938e-01,1.403178095817565918e+00,5.438655018806457520e-01,3.655425906181335449e-01,-3.984845057129859924e-02,-1.558379232883453369e-01,5.878351330757141113e-01,-1.701191306114196777e+00,-1.480917930603027344e+00,-8.444442749023437500e-01,-5.728498101234436035e-01,1.345473647117614746e+00,1.100286006927490234e+00,5.969330668449401855e-01,-3.038998693227767944e-02,-1.595052719116210938e+00,5.230942741036415100e-02,1.166419312357902527e-01,-9.302197694778442383e-01,1.551724195480346680e+00,6.488828063011169434e-01,1.732902288436889648e+00,-2.833836376667022705e-01,1.671834290027618408e-01,4.120261669158935547e-01,-6.260608136653900146e-02,-7.450485229492187500e-01,1.281351804733276367e+00,4.408858418464660645e-01,7.960931062698364258e-01,-1.195762276649475098e+00,2.458898425102233887e-01,-5.968385338783264160e-01,-9.532079100608825684e-01,-1.341678738594055176e+00,-7.406691908836364746e-01,2.181887626647949219e-01,1.387199908494949341e-01,1.547305941581726074e+00,1.814381599426269531e+00,5.214556455612182617e-01,-1.171855568885803223e+00,1.422057271003723145e+00,-4.498730301856994629e-01,4.471098482608795166e-01,1.513794362545013428e-01,-9.259188175201416016e-01,-7.555568814277648926e-01,-6.358572244644165039e-01,-3.191358968615531921e-02,-1.648616433143615723e+00,7.890856862068176270e-01,-1.644113540649414062e+00,-4.029760062694549561e-01,6.018149256706237793e-01,8.565757870674133301e-01,-1.266400218009948730e+00,-7.749286890029907227e-01,1.004512906074523926e-01,-1.070008754730224609e+00,1.521103262901306152e+00,4.344753324985504150e-01,-1.339393734931945801e+00,-4.778245091438293457e-01,9.219362139701843262e-01,6.094254851341247559e-01,5.597168579697608948e-02,-6.183070689439773560e-02,2.277034968137741089e-01,5.889565348625183105e-01,2.322549074888229370e-01,5.865923762321472168e-01,-1.325096368789672852e+00,-2.806166708469390869e-01,1.214657425880432129e+00,2.091723680496215820e+00,4.790310561656951904e-01,7.167889475822448730e-01,2.027154922485351562e+00,-1.547935605049133301e+00,4.633565247058868408e-01,6.321313977241516113e-01,1.576025843620300293e+00,-4.943289458751678467e-01,1.321840405464172363e+00,-7.388609647750854492e-01,9.098130464553833008e-01,-1.380306005477905273e+00,1.041971296072006226e-01,-1.940643906593322754e+00,-1.798070430755615234e+00,-7.933900505304336548e-02,1.153066039085388184e+00,3.095423579216003418e-01,-1.266315579414367676e-01,5.785539746284484863e-01,-1.426579117774963379e+00,-7.020108699798583984e-01,1.134425401687622070e+00,-6.463234871625900269e-02,-1.518033981323242188e+00,4.530169665813446045e-01,-7.107908129692077637e-01,-1.042613759636878967e-01,-2.111350536346435547e+00,9.214136600494384766e-01,-6.309159994125366211e-01,-9.358161687850952148e-01,1.249545216560363770e+00,6.827664971351623535e-01,7.832173705101013184e-01,3.548252210021018982e-02,-1.304233551025390625e+00,1.728749036788940430e+00,-1.435818910598754883e+00,2.871101498603820801e-01,-1.002607107162475586e+00,-7.496062517166137695e-01,-8.727197051048278809e-01,3.683131933212280273e-01,-3.873763680458068848e-01,1.329210281372070312e+00,7.274800539016723633e-01,1.828216433525085449e+00,-2.907286584377288818e-01,-1.182261943817138672e+00,-3.499582707881927490e-01,-1.341245412826538086e+00,-2.870198786258697510e-01,5.578545331954956055e-01,8.157048225402832031e-01,-1.872159242630004883e-01,7.412338852882385254e-01
1.076892539858818054e-01,-4.727265238761901855e-01,8.849827647209167480e-01,7.444221973419189453e-01,2.974636793136596680e+00,-5.088737607002258301e-01,-9.951988458633422852e-01,-1.635516881942749023e+00,2.607069730758666992e+00,-6.660392284393310547e-01,-8.996422886848449707e-01,1.976029574871063232e-01,-8.496766090393066406e-01,-5.311139672994613647e-02,2.104552984237670898e-01,-1.144139885902404785e+00,5.710965991020202637e-01,-6.975542306900024414e-01,-5.814943909645080566e-01,3.762321174144744873e-01,-4.672544896602630615e-01,-5.476720929145812988e-01,-1.561981439590454102e-01,-2.930725691840052605e-03,-1.304139137268066406e+00,9.088816642761230469e-01,9.958072304725646973e-01,-1.392698287963867188e+00,-5.533524155616760254e-01,1.031130671501159668e+00,-1.111121654510498047e+00,-5.941411852836608887e-01,-5.601236820220947266e-01,9.290194511413574219e-01,-1.075848102569580078e+00,1.500641465187072754e+00,-4.541809856891632080e-01,-6.489502787590026855e-01,7.132881283760070801e-01,6.472705006599426270e-01,-4.087491035461425781e-01,1.085498183965682983e-01,1.413566768169403076e-01,-9.187062978744506836e-01,6.287123560905456543e-01,-5.290253460407257080e-02,2.200261503458023071e-02,4.357779026031494141e-01,-7.907133698463439941e-01,1.737853527069091797e+00,5.764704346656799316e-01,-1.741699874401092529e-02,9.949647784233093262e-01,-1.798647940158843994e-01,-1.091302871704101562e+00,-2.060843557119369507e-01,-9.936586022377014160e-01,-3.050531446933746338e-01,2.535180151462554932e-01,-9.663056135177612305e-01,-8.154877424240112305e-01,-1.057309031486511230e+00,9.352265000343322754e-01,1.483072400093078613e+00,4.881716966629028320e-01,-2.281958103179931641e+00,-2.757384441792964935e-02,1.172483086585998535e+00,-2.163720607757568359e+00,-5.012159943580627441e-01,-6.629428267478942871e-01,-1.553206801414489746e+00,1.015111565589904785e+00,6.710857748985290527e-01,-1.228852048516273499e-01,-2.995150387287139893e-01,-6.003643274307250977e-01,4.024137556552886963e-01,-8.004006743431091309e-01,-5.252065062522888184e-01,-3.004694283008575439e-01,1.409238100051879883e+00,5.757228732109069824e-01,3.126471862196922302e-02,-1.281593084335327148e+00,1.078026652336120605e+00,1.449295759201049805e+00,1.589051008224487305e+00,-1.472522616386413574e+00,-3.940345048904418945e+00,-1.408217102289199829e-01,1.654891490936279297e+00,6.383906304836273193e-02,-5.502035617828369141e-01,8.641471862792968750e-01,-2.367115497589111328e+00,-1.703879952430725098e+00,-1.361152529716491699e+00,8.897728323936462402e-01,-1.305090039968490601e-01,1.678260087966918945e+00,-8.171175718307495117e-01,7.557586431503295898e-01,6.129673719406127930e-01,-8.779836893081665039e-01,-4.296279549598693848e-01,-2.937105894088745117e-01,-6.484354734420776367e-01,8.701024651527404785e-01,2.186510413885116577e-01,7.386587560176849365e-02,2.919739186763763428e-01,-6.701327562332153320e-01,-4.195680320262908936e-01,-2.295837700366973877e-01,2.728160619735717773e-01,-1.179977059364318848e+00,-1.374685466289520264e-01,5.978320240974426270e-01,5.494174361228942871e-01,-3.058803379535675049e-01,-8.148092031478881836e-01,-1.772556006908416748e-01,5.244938656687736511e-02,-1.556844115257263184e+00,1.923536062240600586e-01,-2.508812844753265381e-01,3.743147253990173340e-01,-1.169219613075256348e-01,9.249305129051208496e-01,-1.158565759658813477e+00,2.680049896240234375e+00,-2.513331472873687744e-01,-8.419743776321411133e-01,-6.353312730789184570e-01,-1.101736575365066528e-01,-6.350321769714355469e-01,-1.436953544616699219e+00,6.935359835624694824e-01,1.887235164642333984e+00,-5.419992208480834961e-01,-2.971601784229278564e-01,1.136050939559936523e+00,-3.497828245162963867e-01,-1.064597845077514648e+00,-3.047245979309082031e+00,-9.660931825637817383e-01,-3.039205670356750488e-01,-6.506002545356750488e-01,5.806360840797424316e-01,-8.851964473724365234e-01,3.718498349189758301e-01,4.755165874958038330e-01,1.438490390777587891e+00,-5.422117710113525391e-01,-1.482901722192764282e-01,-3.410660326480865479e-01,3.284266889095306396e-01,-6.458107829093933105e-01,-5.501400828361511230e-01,-4.770804047584533691e-01,-1.263246178627014160e+00,-4.624361395835876465e-01,-3.298943042755126953e-01,9.628140926361083984e-01,-1.235538363456726074e+00,-3.528960049152374268e-01,-5.213004946708679199e-01,-1.643559575080871582e+00,-1.022286057472229004e+00,2.571471691131591797e+00,2.390864133834838867e+00,-3.092317581176757812e-01,-9.643852114677429199e-01,1.129770994186401367e+00,9.576659798622131348e-01,4.020269513130187988e-01,-1.086560487747192383e+00,-7.545172572135925293e-01,2.174861580133438110e-01,8.505507558584213257e-02,1.087177515029907227e+00,-1.612826228141784668e+00,1.958958268165588379e+00,-5.092728137969970703e-01,5.062050819396972656e-01,-1.934988021850585938e+00,6.458902955055236816e-01,2.870739102363586426e-01,3.255286440253257751e-02,-5.074027180671691895e-01,5.598529577255249023e-01,3.843387663364410400e-01,2.914822995662689209e-01,1.220586970448493958e-01,1.572976946830749512e+00,8.171601891517639160e-01,6.184631586074829102e-01,-3.244220018386840820e-01,1.747172117233276367e+00
1.116017341613769531e+00,-2.723076343536376953e+00,-7.075271755456924438e-02,-2.172293424606323242e+00,5.727488398551940918e-01,-1.393136501312255859e+00,-1.125633716583251953e+00,-6.992130279541015625e-01,-3.015806078910827637e-01,-9.223634600639343262e-01,3.822719454765319824e-01,1.178808093070983887e+00,-1.424693346023559570e+00,6.364947557449340820e-01,-1.315674185752868652e-01,7.293508648872375488e-01,3.648672699928283691e-01,-8.946576118469238281e-01,1.296783447265625000e+00,-3.273793160915374756e-01,-6.501243710517883301e-01,-9.530560374259948730e-01,-8.061783909797668457e-01,-1.251768112182617188e+00,-1.824736297130584717e-01,-9.445142000913619995e-02,-1.055193662643432617e+00,-9.047730565071105957e-01,4.551559686660766602e-02,-1.439369916915893555e+00,4.789068102836608887e-01,4.229232668876647949e-01,-1.499734818935394287e-01,1.132065728306770325e-01,3.976097106933593750e-01,1.618074625730514526e-01,-3.001692295074462891e-01,2.398562908172607422e+00,-3.897048830986022949e-01,-3.377957344055175781e-01,9.196578860282897949e-01,6.331956386566162109e-01,-2.087842300534248352e-02,-6.558679342269897461e-01,-1.760348796844482422e+00,-3.387171924114227295e-01,4.035027623176574707e-01,5.564677119255065918e-01,1.095114707946777344e+00,9.282199144363403320e-01,-5.624010562896728516e-01,-6.432908177375793457e-01,-5.607517361640930176e-01,-1.890132665634155273e+00,-8.298591375350952148e-01,6.984732747077941895e-01,-1.433329343795776367e+00,-8.989697098731994629e-01,1.138227701187133789e+00,-6.815021634101867676e-01,-3.829019665718078613e-01,2.096612453460693359e+00,8.176040053367614746e-01,4.252539277076721191e-01,2.384233951568603516e+00,-9.887182712554931641e-01,1.808441042900085449e+00,5.110311508178710938e-01,-1.723628491163253784e-01,-1.460751056671142578e+00,-7.315051555633544922e-02,7.670090198516845703e-01,2.649265155196189880e-02,-5.354405641555786133e-01,1.225892305374145508e-01,-6.448712348937988281e-01,-1.494858741760253906e+00,-1.156960725784301758e+00,7.216437458992004395e-01,3.481565117835998535e-01,1.463344216346740723e+00,-4.610755145549774170e-01,-4.593508839607238770e-01,6.588130593299865723e-01,-3.426108360290527344e-01,-1.390747666358947754e+00,4.037093818187713623e-01,-2.024669408798217773e+00,4.528813958168029785e-01,3.548226654529571533e-01,1.264132738113403320e+00,-9.707567095756530762e-01,-1.589070558547973633e+00,2.965627610683441162e-01,-1.530987471342086792e-01,1.302512645721435547e+00,1.350920796394348145e+00,1.351011872291564941e+00,-1.760192751884460449e+00,-1.210961341857910156e-01,-1.229238152503967285e+00,3.515389263629913330e-01,-1.329684972763061523e+00,1.347332358360290527e+00,-1.353919148445129395e+00,4.132001698017120361e-01,-1.177311539649963379e+00,-1.971059441566467285e+00,2.024372853338718414e-02,-1.512286961078643799e-01,-1.254884839057922363e+00,-3.655696213245391846e-01,-5.067232847213745117e-01,-3.115791380405426025e-01,1.772580504417419434e+00,5.376260727643966675e-02,-4.930460825562477112e-02,-2.503430843353271484e+00,1.387915730476379395e+00,-5.051226615905761719e-01,-3.160354495048522949e-01,2.323121279478073120e-01,3.711707517504692078e-02,-4.591317772865295410e-01,1.277433514595031738e+00,1.081846117973327637e+00,1.094351053237915039e+00,3.066775500774383545e-01,-7.692751884460449219e-01,1.496182829141616821e-01,-9.826263412833213806e-03,3.441244065761566162e-01,1.323247551918029785e+00,-6.173782348632812500e-01,9.589660763740539551e-01,-1.236817002296447754e+00,-4.183393120765686035e-01,-1.641365528106689453e+00,9.964190721511840820e-01,-9.928667545318603516e-01,6.446833610534667969e-01,-4.278266131877899170e-01,-1.537090092897415161e-01,1.865656971931457520e-01,1.315424680709838867e+00,-4.245776236057281494e-01,-1.172060012817382812e+00,7.478269934654235840e-01,-5.108225345611572266e-01,-6.641797255724668503e-03,1.209901332855224609e+00,-5.785822868347167969e-01,-1.340091705322265625e+00,4.236482381820678711e-01,-1.224003553390502930e+00,-4.436661303043365479e-01,-2.169627100229263306e-01,-1.413457870483398438e+00,1.292409420013427734e+00,2.649196982383728027e-02,-1.824133753776550293e+00,-5.633658170700073242e-01,-1.327147722244262695e+00,8.102591633796691895e-01,3.898631632328033447e-01,1.425195693969726562e+00,-6.731762290000915527e-01,-3.298335373401641846e-01,1.098487138748168945e+00,-1.545019298791885376e-01,-4.002464413642883301e-01,-4.100789874792098999e-02,-4.493977725505828857e-01,3.358917236328125000e-01,2.937623299658298492e-02,-6.445236802101135254e-01,-5.257166624069213867e-01,3.904083967208862305e-01,6.033056378364562988e-01,3.516460061073303223e-01,-8.170396089553833008e-01,-2.506840527057647705e-01,1.330062985420227051e+00,-7.883575558662414551e-01,4.267144203186035156e-01,-2.508164644241333008e-01,-3.408751487731933594e-01,3.892846405506134033e-01,-4.253643564879894257e-03,-9.052930474281311035e-01,-9.700434803962707520e-01,1.832568347454071045e-01,-6.718493700027465820e-01,-7.325478792190551758e-01,2.077680826187133789e-02,4.785917699337005615e-01,-5.525159835815429688e-01,-6.285849809646606445e-01,-3.142440080642700195e+00,2.800290286540985107e-01
-1.580187797546386719e+00,-2.010158538818359375e+00,-8.851931095123291016e-01,-2.591573238372802734e+00,1.769397974014282227e+00,1.271268010139465332e+00,-8.212964981794357300e-02,-6.842797398567199707e-01,-1.634449005126953125e+00,-5.817348361015319824e-01,5.096860527992248535e-01,-7.102743536233901978e-02,9.488921165466308594e-01,-5.109157562255859375e-01,-1.528672575950622559e+00,-6.003248691558837891e-01,-8.875520825386047363e-01,1.641695499420166016e+00,4.738087952136993408e-01,-8.545746654272079468e-02,-2.061922997236251831e-01,1.271046549081802368e-01,-1.406785488128662109e+00,1.391270637512207031e+00,1.039330005645751953e+00,-1.010955683887004852e-02,2.167312145233154297e+00,-2.682040929794311523e-01,-1.172232031822204590e-01,4.036646187305450439e-01,-1.977562755346298218e-01,4.321558177471160889e-01,2.134898155927658081e-01,-1.868959963321685791e-01,-1.075145244598388672e+00,-1.564248561859130859e+00,4.639848470687866211e-01,-9.182960540056228638e-02,-3.451046943664550781e-01,2.754282057285308838e-01,-6.906080245971679688e-01,-6.240571141242980957e-01,1.220554709434509277e+00,-1.129757016897201538e-01,-2.646119100973010063e-03,-4.978819191455841064e-02,1.431860178709030151e-01,1.134521842002868652e+00,7.713999152183532715e-01,3.248383104801177979e-01,-9.155105352401733398e-01,-1.064367532730102539e+00,-1.509143710136413574e+00,-1.806777596473693848e+00,-1.443025320768356323e-01,1.305889964103698730e+00,5.675906538963317871e-01,-1.013300716876983643e-01,1.259999275207519531e+00,-1.362758994102478027e+00,-1.199841380119323730e+00,-5.515108108520507812e-01,6.909667849540710449e-01,3.751950562000274658e-01,1.037388563156127930e+00,2.281767278909683228e-01,-3.513430953025817871e-01,1.750182747840881348e+00,-1.008440732955932617e+00,-7.192786931991577148e-01,6.919761896133422852e-01,-1.025581121444702148e+00,2.594940960407257080e-01,-5.227636694908142090e-01,5.709850192070007324e-01,-1.345844984054565430e+00,-7.197602093219757080e-02,5.476058721542358398e-01,-7.625526189804077148e-01,-8.473253846168518066e-01,-6.003078222274780273e-01,-1.448583602905273438e+00,-3.682894408702850342e-01,-1.171149373054504395e+00,7.865260839462280273e-01,-1.926723837852478027e+00,-3.814000487327575684e-01,1.962811350822448730e-01,1.144569993019104004e+00,2.377630956470966339e-02,3.793536424636840820e-01,2.854420244693756104e-01,-5.965451002120971680e-01,-8.882157802581787109e-01,5.257573723793029785e-01,-6.774991154670715332e-01,7.843286991119384766e-01,1.040269255638122559e+00,8.089800477027893066e-01,-1.499746590852737427e-01,-1.296197891235351562e+00,7.292718887329101562e-01,8.069294691085815430e-02,-3.048296272754669189e-02,9.930867552757263184e-01,3.670256435871124268e-01,-2.519705295562744141e-01,-1.109773993492126465e+00,-9.593853950500488281e-01,1.285094261169433594e+00,-8.587770462036132812e-01,-1.577312469482421875e+00,-3.404731452465057373e-01,5.865215063095092773e-01,-1.668475419282913208e-01,3.833173587918281555e-02,1.430485583841800690e-02,7.916166186332702637e-01,-1.277469158172607422e+00,2.279219478368759155e-01,1.357459306716918945e+00,-1.544332951307296753e-01,-2.826017141342163086e-01,-9.789898246526718140e-02,-4.475772082805633545e-01,1.909420251846313477e+00,-1.405606120824813843e-01,1.406111270189285278e-01,4.519545435905456543e-01,3.141397833824157715e-01,1.394247531890869141e+00,7.904302477836608887e-01,-3.480607867240905762e-01,-1.106904149055480957e-01,3.756399825215339661e-02,2.873175382614135742e+00,-2.367264777421951294e-01,-4.646229445934295654e-01,-7.549982666969299316e-01,3.644205629825592041e-01,6.342356801033020020e-01,-1.938443541526794434e+00,6.532508879899978638e-02,-1.393435359001159668e+00,-2.766799449920654297e+00,-8.009393215179443359e-01,-8.382019996643066406e-01,9.448763728141784668e-01,-1.018963336944580078e+00,5.317308902740478516e-01,-1.092959284782409668e+00,4.027342051267623901e-02,1.135484933853149414e+00,-1.374878525733947754e+00,1.514616847038269043e+00,-6.021260619163513184e-01,-9.824607372283935547e-01,3.923411369323730469e-01,-2.026072740554809570e+00,9.035211801528930664e-01,6.323559880256652832e-01,4.102900326251983643e-01,1.487540125846862793e+00,-1.015124678611755371e+00,-5.671158432960510254e-01,-2.679248154163360596e-02,2.167142391204833984e+00,-1.105292439460754395e+00,-1.451692104339599609e+00,1.878641366958618164e+00,-7.966606020927429199e-01,6.015333533287048340e-01,9.969986677169799805e-01,-6.763076186180114746e-01,-1.440455436706542969e+00,2.876021862030029297e-01,5.004835724830627441e-01,-1.663232922554016113e+00,-3.248398303985595703e-01,-8.429128527641296387e-01,-4.931874945759773254e-02,-1.996708393096923828e+00,1.355459988117218018e-01,-1.759120106697082520e+00,1.600738048553466797e+00,-1.622155070304870605e+00,-1.238802447915077209e-01,-4.576107859611511230e-01,-8.758701086044311523e-01,1.533378005027770996e+00,-8.021631836891174316e-01,2.667399495840072632e-02,-6.363737583160400391e-01,3.464558124542236328e+00,-6.936242580413818359e-01,9.512745141983032227e-01,-4.336728155612945557e-01,-4.079807102680206299e-01,-1.805912971496582031e+00,5.941069126129150391e-01
-5.680115818977355957e-01,4.921611249446868896e-01,-9.855841100215911865e-02,1.493720531463623047e+00,2.582209557294845581e-02,-6.444640159606933594e-01,5.841795802116394043e-01,7.877995967864990234e-01,-7.965298295021057129e-01,2.635937631130218506e-01,1.612084954977035522e-01,5.206755995750427246e-01,1.451675295829772949e+00,-7.184514403343200684e-01,-1.041357874870300293e+00,6.643911004066467285e-01,-8.479836583137512207e-01,-7.447955012321472168e-01,-5.697829723358154297e-01,6.427738666534423828e-01,-1.047187209129333496e+00,2.090518921613693237e-01,1.831969499588012695e+00,3.734967708587646484e-01,1.309580087661743164e+00,-4.774472117424011230e-01,-1.578265335410833359e-03,9.375061094760894775e-02,5.406977534294128418e-01,-9.861791133880615234e-01,7.107537984848022461e-01,1.251346617937088013e-01,-4.516580104827880859e-01,5.560774207115173340e-01,-7.751666903495788574e-01,4.337852895259857178e-01,2.645492553710937500e-01,-4.524292945861816406e-01,-3.252642750740051270e-01,4.749914705753326416e-01,6.734340190887451172e-01,3.441333174705505371e-01,6.671677827835083008e-01,1.010299801826477051e+00,-4.660858511924743652e-01,-2.742327153682708740e-01,-1.421102404594421387e+00,-4.548884183168411255e-02,1.256247758865356445e-01,1.173199415206909180e+00,4.296542108058929443e-01,-3.923691343516111374e-03,5.079516395926475525e-02,-2.083947211503982544e-01,-1.000195264816284180e+00,9.726273417472839355e-01,2.238233387470245361e-01,-3.189964890480041504e-01,-5.499143600463867188e-01,-4.100427776575088501e-02,-1.028929829597473145e+00,-1.022194743156433105e+00,7.150584459304809570e-01,-7.371993660926818848e-01,4.920831918716430664e-01,1.451697945594787598e-01,8.347429633140563965e-01,1.039033770561218262e+00,-6.957461833953857422e-01,-4.471872746944427490e-01,-2.041725218296051025e-01,2.891451716423034668e-01,-3.254104256629943848e-01,-7.754541188478469849e-02,-1.380959391593933105e+00,-1.062655448913574219e+00,-6.095910072326660156e-01,1.212695479393005371e+00,6.364405751228332520e-01,1.791748523712158203e+00,8.483298420906066895e-01,-6.851964592933654785e-01,3.178952634334564209e-01,2.321677207946777344e+00,-3.478913903236389160e-01,8.979068994522094727e-01,4.188758730888366699e-01,-6.067531108856201172e-01,-2.008267164230346680e+00,2.613324820995330811e-01,-1.169448614120483398e+00,5.606244206428527832e-01,1.073376417160034180e+00,2.435214519500732422e-01,7.065275311470031738e-02,1.521229386329650879e+00,4.973229169845581055e-01,1.568770289421081543e+00,2.828112840652465820e-01,1.408484697341918945e+00,1.091016769409179688e+00,-1.808220505714416504e+00,2.596609592437744141e+00,-8.143798261880874634e-02,1.543610572814941406e+00,2.986732423305511475e-01,-2.985270500183105469e+00,-1.805042028427124023e-01,-4.921379387378692627e-01,2.629228532314300537e-01,-1.911584436893463135e-01,-1.697992719709873199e-02,5.881338715553283691e-01,-7.277436852455139160e-01,-8.303067088127136230e-01,-1.425332307815551758e+00,-4.069910347461700439e-01,-1.055842638015747070e+00,3.474712669849395752e-01,2.939672172069549561e-01,6.547518372535705566e-01,-6.751529574394226074e-01,1.505112051963806152e+00,-6.471129655838012695e-01,-7.760651111602783203e-01,2.942664921283721924e-01,-2.609684228897094727e+00,6.746792197227478027e-01,1.292135477066040039e+00,-9.433404803276062012e-01,1.026329517364501953e+00,4.230083227157592773e-01,-2.299129068851470947e-01,1.734130024909973145e+00,-6.053869128227233887e-01,1.069728508591651917e-01,-4.866961836814880371e-01,8.324161171913146973e-01,9.715430140495300293e-01,1.109581112861633301e+00,1.448194742202758789e+00,2.797937691211700439e-01,-1.361194729804992676e+00,-2.630160748958587646e-01,1.179038882255554199e+00,1.542636394500732422e+00,1.623820304870605469e+00,-1.888625502586364746e+00,-3.647785186767578125e-01,9.467189311981201172e-01,2.654556632041931152e-01,9.552019834518432617e-01,-6.063984632492065430e-01,-8.028951883316040039e-01,-2.456239014863967896e-01,-1.025084853172302246e+00,1.698825478553771973e+00,1.361111283302307129e+00,-1.096393942832946777e+00,2.332042217254638672e+00,4.274748265743255615e-01,1.669163405895233154e-01,-2.562961354851722717e-02,-1.521130800247192383e+00,-8.436162471771240234e-01,-1.075449466705322266e+00,-5.354665517807006836e-01,-4.061024188995361328e-01,-7.502621412277221680e-01,-5.284186601638793945e-01,1.340648889541625977e+00,-1.842337369918823242e+00,-4.395828545093536377e-01,5.239042043685913086e-01,4.316641986370086670e-01,9.889464378356933594e-01,-5.265806913375854492e-01,6.405212283134460449e-01,-1.385219544172286987e-01,1.622243404388427734e+00,-1.191287875175476074e+00,1.540363430976867676e+00,-1.247490882873535156e+00,9.650372266769409180e-01,1.760802865028381348e+00,9.270654320716857910e-01,4.202225506305694580e-01,1.238635659217834473e+00,1.362453401088714600e-01,1.131781578063964844e+00,2.500245533883571625e-02,-5.226343870162963867e-01,-1.294083595275878906e+00,1.236723423004150391e+00,-7.542508095502853394e-02,1.759566217660903931e-01,5.159936547279357910e-01,4.362067580223083496e-02,-5.856909155845642090e-01,-1.724305629730224609e+00
-3.170028030872344971e-01,-1.131257534027099609e+00,-1.253073811531066895e+00,7.627207040786743164e-01,3.767988979816436768e-01,2.811331510543823242e+00,2.724807262420654297e-01,-1.735822200775146484e+00,-2.063591003417968750e+00,-1.657440781593322754e+00,-7.281208783388137817e-02,6.380509734153747559e-01,2.996711254119873047e+00,-3.791903555393218994e-01,8.393122553825378418e-01,7.225989103317260742e-01,1.605417847633361816e+00,1.003741383552551270e+00,-1.178840875625610352e+00,-2.470001935958862305e+00,-2.191127777099609375e+00,-5.458989739418029785e-01,-5.021526217460632324e-01,3.444025814533233643e-01,8.726611137390136719e-01,1.360824942588806152e+00,4.397789761424064636e-02,2.662541627883911133e+00,-7.669849395751953125e-01,-5.961565375328063965e-01,-1.439518690109252930e+00,5.978122949600219727e-01,-6.563926339149475098e-01,-4.321756958961486816e-01,-7.416643500328063965e-01,2.270324945449829102e+00,8.765084147453308105e-01,1.104085072875022888e-01,-5.587388873100280762e-01,-8.383796215057373047e-01,-1.657262921333312988e+00,-1.971285343170166016e-01,-2.138400375843048096e-01,3.349443674087524414e-01,7.634547352790832520e-01,2.718545496463775635e-01,-6.686277389526367188e-01,-4.794027805328369141e-01,5.352640748023986816e-01,-3.495247960090637207e-01,5.300620198249816895e-01,1.585227012634277344e+00,-7.421862483024597168e-01,-3.064262270927429199e-01,-5.640055537223815918e-01,3.746326640248298645e-02,-1.360526800155639648e+00,-1.165309667587280273e+00,-5.363796949386596680e-01,4.797883331775665283e-02,-1.615518331527709961e+00,-4.859713912010192871e-01,-7.472227215766906738e-01,-3.431025147438049316e-01,-8.004856109619140625e-02,1.040707111358642578e+00,-1.294669151306152344e+00,-1.422122120857238770e+00,1.646398782730102539e+00,3.977001607418060303e-01,3.375659286975860596e-01,-2.614043354988098145e-01,-6.198426485061645508e-01,-1.042414188385009766e+00,-1.434978246688842773e-01,-3.116302005946636200e-02,-9.666587412357330322e-02,3.673775196075439453e-01,-1.442631244659423828e+00,1.151259899139404297e+00,7.941191196441650391e-01,1.240218639373779297e+00,-2.213416099548339844e+00,1.394618630409240723e+00,1.077962279319763184e+00,-2.182147502899169922e-01,-1.101132273674011230e+00,3.567537069320678711e-01,-2.541969120502471924e-01,-5.726494193077087402e-01,-1.268080342561006546e-02,6.860193610191345215e-01,1.258579492568969727e-01,-6.066895127296447754e-01,2.144771218299865723e-01,3.198412805795669556e-02,1.189119070768356323e-01,-5.567934364080429077e-02,-2.796487808227539062e-01,1.413122177124023438e+00,-4.896055459976196289e-01,-1.150453925132751465e+00,5.704110264778137207e-01,-7.991736531257629395e-01,9.409567713737487793e-01,-8.169421553611755371e-02,9.533571600914001465e-01,1.540109395980834961e+00,2.954015135765075684e-01,-1.043941140174865723e+00,-2.695515453815460205e-01,5.153042674064636230e-01,1.060042858123779297e+00,-2.245862036943435669e-01,1.707849144935607910e+00,-1.458443164825439453e+00,-7.076721787452697754e-01,-2.637712240219116211e+00,-5.136968493461608887e-01,-7.823915481567382812e-01,-1.303950071334838867e+00,2.503130674362182617e+00,2.723900973796844482e-01,-1.168987870216369629e+00,-4.354937374591827393e-01,1.623004555702209473e+00,5.940681695938110352e-01,1.662790298461914062e+00,1.798867225646972656e+00,9.543182253837585449e-01,-2.008931398391723633e+00,7.695816159248352051e-01,-9.267380833625793457e-01,1.709613651037216187e-01,2.038746625185012817e-01,1.254037380218505859e+00,2.784785985946655273e+00,7.445220947265625000e-01,-6.467100381851196289e-01,1.175944432616233826e-01,-4.333751797676086426e-01,-9.286938607692718506e-02,5.111534595489501953e-01,-6.142396926879882812e-01,1.542536377906799316e+00,6.840980648994445801e-01,6.781880259513854980e-01,-1.764415144920349121e+00,7.782214879989624023e-01,-4.492911100387573242e-01,-9.502208232879638672e-01,4.714677035808563232e-01,-2.621198445558547974e-02,7.375327348709106445e-01,7.822104096412658691e-01,1.715901255607604980e+00,1.953891366720199585e-01,-1.053304314613342285e+00,-2.190588474273681641e+00,-1.548227190971374512e+00,3.024696409702301025e-01,-3.317545652389526367e-01,-1.325249224901199341e-01,7.734478712081909180e-01,-1.094538927078247070e+00,2.052480697631835938e+00,1.691607236862182617e-01,-2.911953032016754150e-01,1.361406445503234863e+00,8.423190712928771973e-01,4.991965591907501221e-01,-1.283188723027706146e-02,-1.422765552997589111e-01,-3.296847045421600342e-01,-5.737900733947753906e-01,-3.758688271045684814e-01,3.608928322792053223e-01,3.604643642902374268e-01,2.948916673660278320e+00,1.574876755475997925e-01,5.073465108871459961e-01,3.917477428913116455e-01,5.081636905670166016e-01,1.537765502929687500e+00,6.092237830162048340e-01,-3.105624020099639893e-01,7.307462096214294434e-01,2.149925976991653442e-01,2.771978855133056641e+00,-3.513782024383544922e-01,1.395839899778366089e-01,-2.969263792037963867e+00,-1.361294150352478027e+00,1.251006364822387695e+00,9.055287241935729980e-01,1.881306052207946777e+00,6.321383118629455566e-01,-2.863207757472991943e-01,1.746217846870422363e+00,-1.058711647987365723e+00
-1.277586579322814941e+00,1.622140526771545410e+00,-9.123228788375854492e-01,3.358073160052299500e-02,1.199691817164421082e-01,-5.932933092117309570e-01,1.111876249313354492e+00,-6.650911569595336914e-01,7.983654737472534180e-01,3.521516621112823486e-01,-8.055421710014343262e-01,-3.007503747940063477e-01,-8.753694891929626465e-01,-6.840474605560302734e-01,8.104220628738403320e-01,-1.639073252677917480e+00,-2.673009037971496582e-01,-7.658367156982421875e-01,5.716828703880310059e-01,1.527955770492553711e+00,8.669913411140441895e-01,3.036433458328247070e-01,-1.199438333511352539e+00,1.093751788139343262e+00,-1.745708823204040527e+00,-3.755931854248046875e-01,-1.869688153266906738e+00,-2.546439468860626221e-01,1.049374580383300781e+00,-6.548295021057128906e-01,-1.656874775886535645e+00,1.428567647933959961e+00,1.063654303550720215e+00,-3.035258352756500244e-01,3.315815031528472900e-01,1.798696756362915039e+00,1.292866230010986328e+00,-3.577956557273864746e-01,-2.217997238039970398e-02,-4.744007587432861328e-01,-1.091903895139694214e-01,7.056003212928771973e-01,-7.312524914741516113e-01,1.004231095314025879e+00,-2.781681120395660400e-01,-4.530535265803337097e-02,-7.512882351875305176e-01,9.167448431253433228e-02,1.760402172803878784e-01,-1.541165113449096680e+00,5.721026062965393066e-01,1.631216406822204590e-01,1.275566101074218750e+00,-1.536967515945434570e+00,-8.901296854019165039e-01,-4.701741933822631836e-01,2.262115478515625000e+00,-7.039920687675476074e-01,-1.179820656776428223e+00,-2.161916047334671021e-01,-4.345576763153076172e-01,-1.712672472000122070e+00,-1.546336412429809570e-01,1.372554183006286621e+00,7.372654080390930176e-01,4.092765748500823975e-01,3.161123692989349365e-01,3.257446289062500000e-01,-3.599392175674438477e-01,8.582848906517028809e-01,1.049926653504371643e-01,1.419365882873535156e+00,4.129917025566101074e-01,1.999569833278656006e-01,-4.686773419380187988e-01,1.324644804000854492e+00,-1.172163605690002441e+00,-1.416422843933105469e+00,9.724631309509277344e-01,-1.313753873109817505e-01,-2.576004713773727417e-02,1.539332509040832520e+00,1.093323469161987305e+00,1.260004997253417969e+00,-2.075108528137207031e+00,6.830766797065734863e-01,1.410416722297668457e+00,9.449825882911682129e-01,6.948361992835998535e-01,-8.725314587354660034e-02,-3.272975683212280273e-01,-1.445086359977722168e+00,1.862649470567703247e-01,9.754198193550109863e-01,3.124865293502807617e-01,-1.743184924125671387e+00,9.741382002830505371e-01,1.652825713157653809e+00,-1.384526848793029785e+00,5.468432903289794922e-01,-1.635137319564819336e+00,3.891816735267639160e-01,-1.939214348793029785e+00,-1.313405036926269531e+00,1.057203412055969238e-01,4.081668332219123840e-02,-4.373474717140197754e-01,-7.995882034301757812e-01,1.559299468994140625e+00,-1.986907720565795898e+00,-9.779226779937744141e-01,-1.647211462259292603e-01,-1.207008123397827148e+00,9.283387660980224609e-02,2.045364141464233398e+00,7.985378503799438477e-01,-6.306792497634887695e-01,3.844226300716400146e-01,3.932472318410873413e-02,-5.052445530891418457e-01,-7.207370996475219727e-01,-2.182619333267211914e+00,-7.220751643180847168e-01,4.692413508892059326e-01,-2.271625518798828125e+00,-5.102519392967224121e-01,-2.141530215740203857e-01,4.963550567626953125e-01,7.197146415710449219e-01,-3.992094397544860840e-01,-7.733816504478454590e-01,-7.739772796630859375e-01,-2.326728850603103638e-01,1.438363432884216309e+00,-8.585086464881896973e-02,-3.258681893348693848e-01,4.164846614003181458e-02,1.302957296371459961e+00,1.895703971385955811e-01,-1.149836063385009766e+00,1.136148691177368164e+00,-3.553162813186645508e-01,-2.177064895629882812e+00,4.269156754016876221e-01,9.966354966163635254e-01,-1.275277376174926758e+00,-1.540856838226318359e+00,-1.548498123884201050e-01,-1.160412192344665527e+00,7.636808156967163086e-01,6.160218715667724609e-01,2.143148660659790039e+00,9.772610068321228027e-01,6.901906728744506836e-01,1.362133145332336426e+00,1.055582642555236816e+00,8.122075200080871582e-01,8.481287360191345215e-01,-6.722147464752197266e-01,-5.338945984840393066e-01,1.402252793312072754e+00,5.874642357230186462e-02,5.669131502509117126e-02,-2.604820430278778076e-01,1.590307652950286865e-01,-1.625737071037292480e+00,1.375428795814514160e+00,-2.142265737056732178e-01,2.083963394165039062e+00,8.027007579803466797e-01,2.515094578266143799e-01,2.758749127388000488e-01,1.528021931648254395e+00,-3.246687650680541992e-01,1.801185369491577148e+00,-1.204295232892036438e-01,7.557326555252075195e-01,9.153801202774047852e-01,4.650702476501464844e-01,6.778862476348876953e-01,5.183032155036926270e-01,2.299285888671875000e+00,-2.377295196056365967e-01,-5.465207099914550781e-01,-9.027103781700134277e-01,-5.739899277687072754e-01,1.101672410964965820e+00,8.549170196056365967e-02,-1.609864592552185059e+00,-5.337820649147033691e-01,-1.230337977409362793e+00,-1.991494894027709961e+00,-4.303526133298873901e-02,2.058843374252319336e+00,4.567546844482421875e-01,1.203357696533203125e+00,-3.280415534973144531e-01,6.844534873962402344e-01,1.911182999610900879e+00,2.368004471063613892e-01
2.579981088638305664e+00,-1.876298189163208008e+00,3.333252668380737305e-01,-6.554259657859802246e-01,1.028654217720031738e+00,1.430649280548095703e+00,5.742915272712707520e-01,8.842512369155883789e-01,-1.665361821651458740e-01,1.083827018737792969e+00,1.844587683677673340e+00,-8.604849576950073242e-01,5.391363427042961121e-02,1.221830248832702637e+00,1.151854515075683594e+00,-4.687798619270324707e-01,-1.117158889770507812e+00,-9.959267377853393555e-01,-5.386914014816284180e-01,-3.818063437938690186e-01,-1.091806888580322266e+00,2.792771458625793457e-01,-4.553957879543304443e-01,1.354682087898254395e+00,5.861191749572753906e-01,-1.085946321487426758e+00,-3.897309899330139160e-01,3.812180161476135254e-01,1.959252476692199707e+00,8.442426323890686035e-01,-8.572174906730651855e-01,-7.202471047639846802e-02,6.343136727809906006e-02,-1.282377243041992188e+00,-1.411758214235305786e-01,1.237435460090637207e+00,2.555207610130310059e-01,2.423552572727203369e-01,-1.479464292526245117e+00,-2.015502154827117920e-01,-4.507859945297241211e-01,-4.986063539981842041e-01,-4.179954826831817627e-01,-2.470911502838134766e+00,-2.301059961318969727e+00,2.597336769104003906e+00,4.489179849624633789e-01,-1.624623775482177734e+00,-2.300143241882324219e-01,-7.030868530273437500e-01,5.216172933578491211e-01,1.297709822654724121e+00,7.290806770324707031e-01,-9.815108776092529297e-01,-1.255583286285400391e+00,-1.031712770462036133e+00,-4.043977856636047363e-01,-3.245392739772796631e-01,-3.055251203477382660e-02,-1.537370800971984863e+00,1.129538297653198242e+00,1.275162696838378906e+00,4.597671926021575928e-01,-2.143899202346801758e-01,-1.021993875503540039e+00,-1.500300765037536621e+00,-1.566417932510375977e+00,3.815222084522247314e-01,1.484266519546508789e-01,-4.554696679115295410e-01,5.182756185531616211e-01,1.179212570190429688e+00,1.414604783058166504e+00,-1.331430554389953613e+00,1.924057006835937500e+00,-3.451865315437316895e-01,1.202600717544555664e+00,8.679901957511901855e-01,5.142487883567810059e-01,2.229449450969696045e-01,-6.269530057907104492e-01,-6.996449232101440430e-01,-3.691334426403045654e-01,-9.225689619779586792e-02,8.878204971551895142e-02,2.223600149154663086e+00,-1.584470272064208984e-02,1.598203420639038086e+00,-2.816052734851837158e-01,-1.629451751708984375e+00,4.795540571212768555e-01,-2.231654167175292969e+00,-2.929328382015228271e-01,-4.579882621765136719e-01,5.513740777969360352e-01,9.223355054855346680e-01,-1.306246161460876465e+00,-2.963885068893432617e-01,9.413956999778747559e-01,2.618649899959564209e-01,-7.033869028091430664e-01,-6.472128629684448242e-01,3.213712945580482483e-02,-9.098675101995468140e-02,-2.740347981452941895e-01,-3.868363499641418457e-01,2.329543828964233398e-01,4.794304668903350830e-01,-8.824602961540222168e-01,-1.590852737426757812e-01,-7.195090651512145996e-01,-4.971385896205902100e-01,2.073524475097656250e+00,1.606592088937759399e-01,6.757839918136596680e-01,-1.055296540260314941e+00,-1.131266951560974121e+00,-9.198431670665740967e-02,-1.345523953437805176e+00,-9.703464508056640625e-01,-1.493805795907974243e-01,-1.821174740791320801e+00,-1.567660689353942871e+00,1.846422702074050903e-01,-5.651044845581054688e-01,8.107801079750061035e-01,9.282948821783065796e-02,-7.984260320663452148e-01,-1.316021084785461426e+00,-3.339445888996124268e-01,-9.125599861145019531e-01,1.058379054069519043e+00,-4.345184266567230225e-01,-7.225435972213745117e-01,-4.177446961402893066e-01,-7.416315376758575439e-02,-3.362019062042236328e-01,-1.722777247428894043e+00,1.500704765319824219e+00,4.080830216407775879e-01,-1.026105046272277832e+00,1.283604383468627930e+00,-6.464498043060302734e-01,-5.838130712509155273e-01,2.091171741485595703e-01,3.035723567008972168e-01,1.249768853187561035e+00,-8.027785420417785645e-01,2.284124307334423065e-02,1.684987187385559082e+00,3.700256049633026123e-01,-9.736211597919464111e-02,8.942823857069015503e-02,-6.777632832527160645e-01,6.506502032279968262e-01,9.040968865156173706e-02,-9.100247025489807129e-01,-4.527297019958496094e-01,-4.063832163810729980e-01,-1.947768628597259521e-01,-6.605373322963714600e-02,-1.069606900215148926e+00,1.989868044853210449e+00,1.583834648132324219e+00,1.596862822771072388e-02,-4.596956372261047363e-01,2.217336185276508331e-02,-6.785808801651000977e-01,-1.062633156776428223e+00,9.340218305587768555e-01,-9.406976401805877686e-02,8.738001585006713867e-01,6.499004364013671875e-02,-5.393191799521446228e-02,-5.169042348861694336e-01,-1.978102475404739380e-01,2.010751008987426758e+00,2.799678593873977661e-02,-1.494464397430419922e+00,-1.187857389450073242e+00,7.571202516555786133e-01,-7.426644563674926758e-01,-2.304208040237426758e+00,-1.130949258804321289e+00,-5.292826890945434570e-01,-1.518088728189468384e-01,2.162259221076965332e-01,-2.897151112556457520e-01,-1.722732186317443848e-01,-1.851947754621505737e-01,-1.259166240692138672e+00,-9.310386180877685547e-01,-3.573712408542633057e-01,2.191655784845352173e-01,5.187793374061584473e-01,7.836096882820129395e-01,2.182966947555541992e+00,5.529967546463012695e-01,8.325108289718627930e-01,2.641763687133789062e+00
9.276619553565979004e-01,9.180921912193298340e-01,-1.973103284835815430e-01,-6.958349347114562988e-01,9.299057722091674805e-01,-3.692328631877899170e-01,-3.927461206912994385e-01,-5.887527465820312500e-01,-4.967868924140930176e-01,-1.056351423263549805e+00,2.485239505767822266e+00,-1.626345068216323853e-01,6.634181141853332520e-01,-8.169919252395629883e-02,-1.067777514457702637e+00,3.080136477947235107e-01,-2.343743741512298584e-01,3.056955710053443909e-02,9.299243688583374023e-01,6.016957387328147888e-02,-9.950678944587707520e-01,-1.079113245010375977e+00,1.380012750625610352e+00,-6.235052347183227539e-01,-1.384732842445373535e+00,1.278460025787353516e-01,4.733885526657104492e-01,1.255552887916564941e+00,1.195290327072143555e+00,2.134072065353393555e+00,4.043226242065429688e-01,6.832127571105957031e-01,-1.205651402473449707e+00,5.456404685974121094e-01,3.102353774011135101e-02,-1.436665207147598267e-01,-5.151139497756958008e-01,-5.519947409629821777e-01,7.322755455970764160e-01,7.650768160820007324e-01,3.517439663410186768e-01,-1.840440154075622559e+00,3.334084153175354004e-01,9.322785735130310059e-01,-2.323676586151123047e+00,-9.541933238506317139e-02,-3.715977668762207031e-01,3.158192932605743408e-01,4.083039760589599609e-01,3.821066021919250488e-01,-3.997747227549552917e-02,-1.565184473991394043e+00,2.146475911140441895e-01,6.854385137557983398e-01,4.897134602069854736e-01,-1.803147435188293457e+00,4.316878616809844971e-01,2.288449048995971680e+00,-3.254422247409820557e-01,1.707475185394287109e+00,-8.445721864700317383e-01,1.307474732398986816e+00,-7.002846002578735352e-01,-9.581003785133361816e-01,8.871889114379882812e-01,3.733024001121520996e-01,-2.855358421802520752e-01,1.135078549385070801e+00,1.103025197982788086e+00,-1.256641387939453125e+00,-1.163133025169372559e+00,-3.330852985382080078e-01,1.970032811164855957e+00,-7.661242485046386719e-01,1.245025917887687683e-01,7.697672247886657715e-01,1.785660982131958008e-01,2.246126383543014526e-01,-1.408145874738693237e-01,-4.245963096618652344e-01,-1.075911998748779297e+00,1.548795819282531738e+00,-6.630094647407531738e-01,-1.190586447715759277e+00,2.063394784927368164e+00,5.357638373970985413e-02,-8.248354196548461914e-01,-2.077421396970748901e-01,-4.885317087173461914e-01,1.630496859550476074e+00,7.859408855438232422e-01,-2.920847944915294647e-02,-1.788528859615325928e-01,9.173871278762817383e-01,-3.344221413135528564e-01,-1.709332227706909180e+00,8.592302203178405762e-01,-6.669463962316513062e-02,-1.334376335144042969e-01,3.795868456363677979e-01,-2.570798397064208984e+00,-3.869536519050598145e-01,1.717886090278625488e+00,1.214360594749450684e+00,-1.914225697517395020e+00,4.260674417018890381e-01,-1.294461369514465332e+00,1.895001232624053955e-01,-3.472755849361419678e-01,-2.408555746078491211e-01,2.924712896347045898e-01,-2.100345134735107422e+00,2.057911455631256104e-01,6.673467159271240234e-02,1.643780946731567383e+00,-6.502227485179901123e-02,-7.786629348993301392e-02,-3.911202251911163330e-01,3.041860818862915039e+00,6.069785729050636292e-02,8.042876124382019043e-01,6.696528792381286621e-01,3.873629868030548096e-01,3.704787790775299072e-01,-1.625069975852966309e+00,-4.451212584972381592e-01,-3.564101755619049072e-01,-1.976422518491744995e-01,9.341930150985717773e-01,3.047865331172943115e-01,1.255616247653961182e-01,-6.322730183601379395e-01,-6.250356435775756836e-01,1.708032369613647461e+00,-1.429640889167785645e+00,-4.128613770008087158e-01,-1.678686261177062988e+00,2.461686611175537109e+00,1.482206940650939941e+00,-4.820568263530731201e-01,-5.313116908073425293e-01,-3.030173778533935547e-01,1.503986120223999023e+00,-2.257024049758911133e-01,5.356185436248779297e-01,-1.637109398841857910e+00,9.749597311019897461e-02,1.315448760986328125e+00,-2.297543525695800781e+00,-8.983453512191772461e-01,-1.371631026268005371e+00,2.033759653568267822e-01,-1.996878385543823242e+00,7.860672473907470703e-01,3.001568615436553955e-01,-1.103024557232856750e-01,-6.619471311569213867e-01,3.938232362270355225e-01,4.418819844722747803e-01,-1.412125825881958008e-01,-5.738864541053771973e-01,4.332481697201728821e-02,-1.711198329925537109e+00,-6.624539494514465332e-01,-9.878081083297729492e-01,1.091934919357299805e+00,1.242915391921997070e+00,2.212297767400741577e-01,3.044001385569572449e-02,4.996854662895202637e-01,7.289858460426330566e-01,9.878139495849609375e-01,-1.350166201591491699e+00,5.452003479003906250e-01,4.840595424175262451e-01,-5.518386363983154297e-01,-9.784827828407287598e-01,1.293662071228027344e+00,-1.670505762100219727e+00,3.194752708077430725e-02,2.050131410360336304e-01,-5.220118761062622070e-01,9.127326011657714844e-01,-3.147882968187332153e-02,-2.153687477111816406e-01,4.602964594960212708e-02,-3.228836059570312500e-01,1.572162985801696777e+00,-5.761672854423522949e-01,2.486829757690429688e+00,1.153718948364257812e+00,-1.076534628868103027e+00,1.368450969457626343e-01,-1.470664978027343750e+00,-5.214493721723556519e-02,5.530157089233398438e-01,-1.214191317558288574e+00,9.277446269989013672e-01,-2.717375457286834717e-01,6.294425129890441895e-01
-5.897369384765625000e-01,3.456870317459106445e-01,8.490964770317077637e-01,-4.392997026443481445e-01,-9.986243844032287598e-01,7.124114632606506348e-01,1.036540031433105469e+00,-1.010361194610595703e+00,-1.605975627899169922e+00,3.726762831211090088e-01,-1.021145462989807129e+00,4.254927039146423340e-01,-1.068973541259765625e+00,5.383327603340148926e-01,-4.667220711708068848e-01,-9.459175467491149902e-01,-8.700267672538757324e-01,-6.071715950965881348e-01,-9.169560670852661133e-01,-2.130128070712089539e-02,-3.113282918930053711e-01,-1.141173481941223145e+00,7.783274650573730469e-01,6.342447400093078613e-01,1.622440457344055176e+00,4.593217000365257263e-02,1.497479248791933060e-02,7.724176645278930664e-01,3.899242281913757324e-01,4.889129698276519775e-01,-1.265078783035278320e+00,-9.524357318878173828e-01,-2.712640166282653809e-01,-2.317056179046630859e+00,-4.254880547523498535e-01,-2.473158538341522217e-01,9.563166499137878418e-01,-3.145662322640419006e-02,-1.622712016105651855e-01,5.199862718582153320e-01,1.237905025482177734e+00,-3.662647008895874023e-01,1.398887187242507935e-01,1.719926893711090088e-01,-4.769074022769927979e-01,-2.853582799434661865e-02,3.003486245870590210e-02,8.321250081062316895e-01,5.028181672096252441e-01,-6.421563625335693359e-01,-5.020245313644409180e-01,3.775669261813163757e-02,5.654908418655395508e-01,1.094640851020812988e+00,-3.242052495479583740e-01,1.044014841318130493e-01,1.583891272544860840e+00,-2.810069732367992401e-02,-1.472788214683532715e+00,-5.748262405395507812e-01,-1.354107022285461426e+00,-3.935691416263580322e-01,-1.551808714866638184e+00,4.069034159183502197e-01,1.987167716026306152e+00,5.437382459640502930e-01,4.234389364719390869e-01,5.275247097015380859e-01,-1.004774570465087891e-01,-4.327760636806488037e-01,7.350192666053771973e-01,1.973129153251647949e+00,-1.453572511672973633e-01,3.705395162105560303e-01,-5.819896459579467773e-01,-5.135648846626281738e-01,3.879759907722473145e-01,-1.093062520027160645e+00,1.285738199949264526e-01,-1.117272138595581055e+00,1.167666673660278320e+00,-1.234551072120666504e+00,-1.344132781028747559e+00,-1.211329936981201172e+00,1.549434304237365723e+00,5.471454262733459473e-01,-6.973547935485839844e-01,-1.069573402404785156e+00,-4.827659428119659424e-01,-6.338667869567871094e-01,3.385426104068756104e-01,8.476684689521789551e-01,-6.484119892120361328e-01,-1.904697179794311523e+00,7.759789824485778809e-01,-3.038406074047088623e-01,2.688750326633453369e-01,-4.603010416030883789e-01,-2.101479619741439819e-01,9.870225191116333008e-01,3.736599683761596680e-01,-1.891842722892761230e+00,-2.044466972351074219e+00,-2.529663443565368652e-01,-4.712115526199340820e-01,-9.799316525459289551e-02,-6.064537167549133301e-01,-6.126843690872192383e-01,-1.816885352134704590e+00,-1.075049638748168945e+00,9.590750932693481445e-01,-3.434331715106964111e-01,6.794114708900451660e-01,-7.085738182067871094e-01,1.097505688667297363e+00,-8.098613023757934570e-01,-6.038882136344909668e-01,-6.264106631278991699e-01,-1.746684193611145020e+00,3.871986269950866699e-01,1.513793319463729858e-01,1.392161399126052856e-01,4.818385541439056396e-01,-5.164762735366821289e-01,4.424971938133239746e-01,7.592764496803283691e-02,8.999279737472534180e-01,5.074344873428344727e-01,1.739331245422363281e+00,2.889298796653747559e-01,-8.156992793083190918e-01,6.061014160513877869e-02,1.280290961265563965e+00,9.602693319320678711e-01,-1.483907699584960938e+00,-1.269078161567449570e-02,-2.471188902854919434e-01,1.489834785461425781e-01,1.896877437829971313e-01,-8.798633217811584473e-01,-5.310453176498413086e-01,1.629104375839233398e+00,1.827786564826965332e+00,-7.579601407051086426e-01,1.313579797744750977e+00,8.031974434852600098e-01,1.246647238731384277e+00,3.035238385200500488e-01,7.377418279647827148e-01,-3.582029938697814941e-01,2.645290136337280273e+00,6.963114142417907715e-01,-5.545958280563354492e-01,1.105648428201675415e-01,1.410768508911132812e+00,1.132246732711791992e+00,3.064063489437103271e-01,1.657914556562900543e-02,-1.061661243438720703e+00,-1.611292511224746704e-01,1.310039877891540527e+00,1.195657730102539062e+00,1.515646427869796753e-01,-3.900633454322814941e-01,2.359434843063354492e+00,-6.731731295585632324e-01,1.619051337242126465e+00,7.848795652389526367e-01,3.142707347869873047e-01,8.227962255477905273e-02,1.958408355712890625e+00,-1.208683609962463379e+00,-7.639040350914001465e-01,-1.024889469146728516e+00,-1.323180317878723145e+00,2.451265901327133179e-01,1.080263614654541016e+00,-6.140680313110351562e-01,1.119758248329162598e+00,-5.055366754531860352e-01,5.944332480430603027e-01,-5.666980519890785217e-02,-6.997218728065490723e-01,-1.572204940021038055e-02,-4.288741946220397949e-01,-6.323333978652954102e-01,9.470314979553222656e-01,-6.529277563095092773e-01,4.041385352611541748e-01,-1.975119560956954956e-01,6.351879239082336426e-01,-1.327557712793350220e-01,1.916461229324340820e+00,-4.313812255859375000e-01,1.392864465713500977e+00,1.747386932373046875e+00,-1.458382725715637207e+00,-5.959939360618591309e-01,8.422513008117675781e-01,-2.912718951702117920e-01
4.471865296363830566e-01,3.890827298164367676e-02,3.852780759334564209e-01,-6.820654273033142090e-01,5.565470457077026367e-01,4.979897141456604004e-01,1.883964776992797852e+00,8.850317597389221191e-01,6.029744744300842285e-01,-6.599615216255187988e-01,-9.771262295544147491e-03,1.315947175025939941e+00,3.255414962768554688e-01,2.475721538066864014e-01,8.197680711746215820e-01,2.448810577392578125e+00,6.213585138320922852e-01,-1.240072369575500488e+00,3.890562653541564941e-01,1.953707575798034668e+00,2.133523702621459961e+00,2.978081405162811279e-01,-7.234117984771728516e-01,-6.024009585380554199e-01,-1.723364114761352539e+00,1.142739176750183105e+00,5.389292240142822266e-01,-4.965999126434326172e-01,3.931450247764587402e-01,9.683125019073486328e-01,6.200727820396423340e-02,8.319650292396545410e-01,1.915495395660400391e+00,-2.112943172454833984e+00,-1.029853820800781250e+00,5.329222083091735840e-01,-4.284906983375549316e-01,8.216532468795776367e-01,-1.619431078433990479e-01,2.984311878681182861e-01,-7.703150063753128052e-02,1.042501211166381836e+00,1.374172925949096680e+00,5.489712953567504883e-01,-3.841026127338409424e-01,-1.030331015586853027e+00,5.708601474761962891e-01,1.309589624404907227e+00,-9.465357661247253418e-01,6.844782233238220215e-01,-9.361721277236938477e-01,-3.708634674549102783e-01,4.807260036468505859e-01,-5.385125279426574707e-01,-8.360850214958190918e-01,-7.973568886518478394e-02,-3.702747523784637451e-01,-6.075699925422668457e-01,-1.308575719594955444e-01,-6.072695255279541016e-01,-3.892053663730621338e-01,4.007008969783782959e-01,3.631309270858764648e-01,7.312702536582946777e-01,7.832196354866027832e-01,5.570805072784423828e-01,-5.123767256736755371e-01,-5.712183117866516113e-01,1.226817250251770020e+00,3.597504138946533203e+00,-1.833097934722900391e+00,5.360133200883865356e-02,-4.081007838249206543e-01,1.330106139183044434e+00,6.011113524436950684e-01,5.945031642913818359e-01,1.344870686531066895e+00,2.676684558391571045e-01,-3.956443667411804199e-01,1.657196879386901855e+00,2.933982014656066895e-01,-3.166110217571258545e-01,1.977218627929687500e+00,6.007758378982543945e-01,-7.500982284545898438e-01,-7.900882959365844727e-01,1.023923158645629883e+00,-1.648993134498596191e+00,-1.017367839813232422e+00,7.991243898868560791e-02,2.945930361747741699e-01,-1.928494215011596680e+00,-9.078189134597778320e-01,-2.411515414714813232e-01,2.417434692382812500e+00,-1.025594118982553482e-02,5.111549496650695801e-01,-2.023046016693115234e+00,1.211677044630050659e-01,-1.575445532798767090e+00,1.099277257919311523e+00,-6.071120500564575195e-01,-4.824785888195037842e-01,3.968794643878936768e-01,7.562785148620605469e-01,1.162045478820800781e+00,5.401387214660644531e-01,-9.290993213653564453e-01,-1.154377579689025879e+00,1.377797484397888184e+00,7.332764267921447754e-01,1.336502313613891602e+00,-1.654802799224853516e+00,-1.271163582801818848e+00,7.375491857528686523e-01,-1.228553295135498047e+00,1.419317841529846191e+00,-1.078432559967041016e+00,-2.255049228668212891e+00,2.416332066059112549e-01,2.705849111080169678e-01,-9.117207527160644531e-01,-4.396530091762542725e-01,1.531217455863952637e+00,-1.644492149353027344e+00,9.852615594863891602e-01,3.787548542022705078e-01,-7.985044717788696289e-01,4.724219441413879395e-02,-6.125069782137870789e-02,-4.597206711769104004e-01,-1.510102629661560059e+00,6.084994077682495117e-01,2.269661277532577515e-01,-6.557929515838623047e-01,-8.548984527587890625e-01,1.341305732727050781e+00,2.268150568008422852e+00,5.091105699539184570e-01,2.168787270784378052e-01,2.263224869966506958e-02,7.896427512168884277e-01,-2.335946083068847656e+00,-1.487205624580383301e+00,-1.799359560012817383e+00,1.622183807194232941e-02,-1.596244215965270996e+00,7.821773290634155273e-01,-6.970468759536743164e-01,-5.666493903845548630e-03,-1.701192378997802734e+00,-1.299312859773635864e-01,1.674100875854492188e+00,9.346470832824707031e-01,-4.232427477836608887e-01,-2.728666365146636963e-01,1.140260219573974609e+00,-8.581776022911071777e-01,-1.237434506416320801e+00,-9.616103768348693848e-01,-1.362992525100708008e-01,-5.837836265563964844e-01,-3.374626040458679199e-01,-1.418601632118225098e+00,-1.328504085540771484e-01,1.521130651235580444e-01,-3.532214164733886719e+00,-3.615958094596862793e-01,6.051663160324096680e-01,-8.808295130729675293e-01,-1.374240994453430176e+00,-8.787650465965270996e-01,-8.214378356933593750e-02,-1.879720389842987061e-01,-1.841601729393005371e+00,8.823926746845245361e-02,2.841328382492065430e-01,-8.381022810935974121e-01,3.934496343135833740e-01,6.901763081550598145e-01,1.526950478553771973e+00,-1.183983325958251953e+00,3.630245029926300049e-01,-2.081782324239611626e-03,-7.863718271255493164e-01,-7.134589552879333496e-01,-3.056153059005737305e-01,-1.214554011821746826e-01,-1.504621952772140503e-01,-3.681048452854156494e-01,5.966103672981262207e-01,-1.414916943758726120e-02,3.181074261665344238e-01,1.618767499923706055e+00,-1.924336791038513184e+00,-2.749972939491271973e-01,6.332337260246276855e-01,1.854508638381958008e+00,9.110208153724670410e-01,1.550737738609313965e+00
4.844834208488464355e-01,8.014973998069763184e-01,3.603756129741668701e-01,-9.869872331619262695e-01,-5.113269686698913574e-01,-3.187784552574157715e-01,6.345807313919067383e-01,-6.232028007507324219e-01,5.593453645706176758e-01,-3.225798904895782471e-01,9.864288568496704102e-01,4.092208445072174072e-01,-4.497714340686798096e-01,1.140917539596557617e+00,-7.587138414382934570e-01,-1.327072381973266602e-01,-1.822713464498519897e-01,7.273206114768981934e-01,1.438093304634094238e+00,9.288711547851562500e-01,1.535372883081436157e-01,1.961159825325012207e+00,1.024831533432006836e+00,1.738124191761016846e-01,2.347989082336425781e+00,2.408441603183746338e-01,-2.859053909778594971e-01,-2.035833358764648438e+00,1.124208688735961914e+00,3.492624759674072266e-01,1.115344405174255371e+00,9.609435200691223145e-01,1.300795316696166992e+00,-2.664335072040557861e-01,-3.178865015506744385e-01,6.613181829452514648e-01,-1.135338664054870605e+00,-4.923415780067443848e-01,-1.861009716987609863e+00,-4.465900957584381104e-01,-6.607915163040161133e-01,-1.581762582063674927e-01,-1.817286372184753418e+00,-7.907032966613769531e-01,7.671900987625122070e-01,6.894494295120239258e-01,-8.303869962692260742e-01,-3.544596731662750244e-01,-1.859428137540817261e-01,7.755214720964431763e-02,7.682437449693679810e-02,3.186061680316925049e-01,-2.122055590152740479e-01,5.540575385093688965e-01,2.440508753061294556e-01,5.282231569290161133e-01,-1.230938196182250977e+00,2.815114736557006836e+00,-3.067883849143981934e-01,9.260198473930358887e-01,2.317461557686328888e-02,-4.233406782150268555e-01,-1.362078666687011719e+00,-1.662150859832763672e+00,-1.002699211239814758e-01,-2.141994237899780273e+00,1.921689271926879883e+00,2.001652002334594727e+00,-2.370488196611404419e-01,1.045292735099792480e+00,2.341190725564956665e-01,1.543193906545639038e-01,-8.437723517417907715e-01,-1.245550632476806641e+00,4.815117120742797852e-01,-1.889590501785278320e+00,1.476799845695495605e+00,-1.335955113172531128e-01,-9.429788589477539062e-01,-8.392826914787292480e-01,4.069693982601165771e-01,1.524819731712341309e+00,2.516928613185882568e-01,-7.396402359008789062e-01,8.865671157836914062e-01,-7.419213652610778809e-01,7.097204923629760742e-01,-4.445654749870300293e-01,1.460742115974426270e+00,-1.713912129402160645e+00,-5.834579467773437500e-01,-1.345391869544982910e+00,-3.390611708164215088e-01,-6.297328472137451172e-01,-5.028944015502929688e-01,-1.678029775619506836e+00,5.897228121757507324e-01,-1.134687662124633789e+00,-7.519557327032089233e-02,1.043932676315307617e+00,1.100517988204956055e+00,-4.788415729999542236e-01,6.804872155189514160e-01,-9.628846645355224609e-01,1.241397023200988770e+00,1.796266585588455200e-01,1.452472925186157227e+00,1.032780885696411133e+00,1.004617691040039062e+00,2.445923328399658203e+00,8.885233998298645020e-01,7.846124172210693359e-01,1.251743316650390625e+00,-4.761202335357666016e-01,-6.969830952584743500e-03,1.180413365364074707e+00,1.006571888923645020e+00,1.842654794454574585e-01,7.115688323974609375e-01,4.170256257057189941e-01,-5.719148516654968262e-01,1.124641895294189453e+00,-8.521236181259155273e-01,4.086662232875823975e-01,1.699728816747665405e-01,1.522339582443237305e+00,-2.370253801345825195e-01,-1.611029267311096191e+00,-1.510935306549072266e+00,1.140605211257934570e+00,-1.201185733079910278e-01,-5.417531132698059082e-01,1.203287839889526367e+00,6.194739341735839844e-01,1.110320806503295898e+00,-3.353505432605743408e-01,-8.634311705827713013e-02,3.781685531139373779e-01,-3.359131217002868652e-01,-5.398344397544860840e-01,1.742770552635192871e+00,-1.351994991302490234e+00,2.748412638902664185e-02,-1.378412097692489624e-01,-1.333567976951599121e+00,-2.357687234878540039e+00,-5.188161041587591171e-03,-8.328282833099365234e-01,-1.325735688209533691e+00,-6.991270184516906738e-01,-4.055455923080444336e-01,4.455682933330535889e-01,-5.645307898521423340e-01,7.297381162643432617e-01,-3.426467478275299072e-01,3.621492862701416016e+00,-2.122589759528636932e-02,2.402766704559326172e+00,1.440018564462661743e-01,9.400941431522369385e-02,-1.354511737823486328e+00,1.945803165435791016e+00,9.601130485534667969e-01,1.224465012550354004e+00,3.150403499603271484e-01,-8.254214376211166382e-02,-6.697813272476196289e-01,3.195499479770660400e-01,-4.410115480422973633e-01,1.874689310789108276e-01,-3.174090012907981873e-02,9.521528482437133789e-01,6.314530968666076660e-01,1.191869139671325684e+00,-7.639037370681762695e-01,1.133698821067810059e+00,4.435460269451141357e-01,-2.680066525936126709e-01,1.882558763027191162e-01,7.331702113151550293e-01,-8.260695338249206543e-01,-4.184050261974334717e-01,2.631728351116180420e-01,5.607150793075561523e-01,5.375875830650329590e-01,-1.676524519920349121e+00,6.710019707679748535e-01,-6.562830209732055664e-01,1.143857479095458984e+00,-2.487900018692016602e+00,-1.514891684055328369e-01,-4.943778216838836670e-01,5.533419847488403320e-01,-1.049424648284912109e+00,1.012095570564270020e+00,8.034974932670593262e-01,5.204707980155944824e-01,8.986376523971557617e-01,-7.103939056396484375e-01,5.586249232292175293e-01
2.101443529129028320e+00,-6.716693043708801270e-01,6.444475650787353516e-01,-8.118553459644317627e-02,7.266525626182556152e-01,1.860303878784179688e+00,1.054058194160461426e+00,-1.534559577703475952e-01,8.811331540346145630e-02,-1.485630869865417480e+00,8.249520659446716309e-01,1.628210067749023438e+00,4.911933541297912598e-01,2.960440330207347870e-02,-2.903705537319183350e-01,-7.265847176313400269e-02,-1.290124297142028809e+00,1.562554121017456055e+00,1.424828916788101196e-01,3.874864876270294189e-01,4.669182300567626953e-01,1.525184512138366699e+00,-1.624601960182189941e+00,3.652026504278182983e-02,6.360084414482116699e-01,-5.683976039290428162e-02,1.130920052528381348e+00,-7.839914411306381226e-02,-9.786003828048706055e-01,-6.765643954277038574e-01,1.602199822664260864e-01,1.707895040512084961e+00,-1.860178112983703613e-01,-1.018021926283836365e-01,5.054724812507629395e-01,2.740836329758167267e-02,-5.994506478309631348e-01,2.221076250076293945e+00,-4.661807417869567871e-01,-6.128529310226440430e-01,-1.091550707817077637e+00,-1.036325693130493164e+00,7.565702199935913086e-01,-1.070096015930175781e+00,1.301390171051025391e+00,-2.407309561967849731e-01,6.829345226287841797e-01,-3.673193454742431641e-01,-9.707455635070800781e-01,-1.186955690383911133e+00,4.446266591548919678e-01,-4.157178103923797607e-01,3.001226782798767090e-01,-1.751400470733642578e+00,2.170519679784774780e-01,-2.316922694444656372e-01,8.483965396881103516e-01,3.118691444396972656e-01,9.901642799377441406e-01,-1.219835281372070312e+00,4.680323004722595215e-01,-6.765075922012329102e-01,-9.628958702087402344e-01,-7.199771404266357422e-01,-4.390144348144531250e-01,8.273702114820480347e-02,-1.498536705970764160e+00,7.722771167755126953e-01,1.215730011463165283e-01,9.320507049560546875e-01,8.994826674461364746e-01,3.542625308036804199e-01,-3.271628022193908691e-01,-3.008497953414916992e-01,-3.165563941001892090e-01,1.563657879829406738e+00,-1.149711251258850098e+00,-1.112606152892112732e-01,1.770986199378967285e+00,-7.582604289054870605e-01,-9.620611071586608887e-01,1.864438414573669434e+00,-1.571509242057800293e+00,-1.202494621276855469e+00,6.054767966270446777e-02,-5.404770970344543457e-01,3.561367988586425781e-01,4.690636694431304932e-01,-1.122572064399719238e+00,-1.171930432319641113e-01,-5.409670472145080566e-01,7.633058428764343262e-01,-7.120169401168823242e-01,-7.966702580451965332e-01,-8.109796047210693359e-02,-1.634001433849334717e-01,-3.458202838897705078e+00,-5.441257953643798828e-01,4.596921205520629883e-01,5.732405781745910645e-01,-3.033931367099285126e-02,-1.093757271766662598e+00,-1.178502798080444336e+00,1.465598821640014648e+00,1.436059772968292236e-01,1.760614216327667236e-01,-1.347517013549804688e+00,1.866393685340881348e-01,2.286174297332763672e+00,1.261160850524902344e+00,-7.358030080795288086e-01,7.166188359260559082e-01,4.633837044239044189e-01,-2.575229406356811523e-01,6.943716853857040405e-02,1.800319701433181763e-01,-1.041757702827453613e+00,-4.380623996257781982e-02,2.711068093776702881e-01,8.513363599777221680e-01,5.631087422370910645e-01,-4.233507812023162842e-01,-5.954220294952392578e-01,6.031863689422607422e-01,-1.629745841026306152e+00,1.734086871147155762e+00,-5.965346097946166992e-01,8.650479912757873535e-01,-8.058278560638427734e-01,8.400031924247741699e-01,1.274983286857604980e+00,-9.717464447021484375e-01,1.710251718759536743e-01,-2.480850934982299805e+00,3.951058089733123779e-01,-6.698468923568725586e-01,-1.026010587811470032e-01,-1.088687181472778320e+00,2.102031230926513672e+00,-1.886324048042297363e+00,-1.228782415390014648e+00,-9.264017343521118164e-01,-1.228568673133850098e+00,-1.336184859275817871e+00,-7.990401238203048706e-02,1.843189716339111328e+00,2.326206713914871216e-01,-1.290218591690063477e+00,3.864667117595672607e-01,7.350064516067504883e-01,2.411499172449111938e-01,-9.950755238533020020e-01,-5.655875205993652344e-01,1.287569552659988403e-01,-6.194470450282096863e-02,8.419359326362609863e-01,8.198349475860595703e-01,-8.180831670761108398e-01,-2.301836967468261719e+00,5.534736439585685730e-02,-3.930981755256652832e-01,5.681902170181274414e-01,5.261881351470947266e-01,-1.237388968467712402e+00,-6.244606971740722656e-01,-8.382210135459899902e-01,-1.192600965499877930e+00,1.132286339998245239e-01,4.017113447189331055e-01,-7.647892236709594727e-01,-1.323381185531616211e+00,1.360181331634521484e+00,7.032446265220642090e-01,2.444343090057373047e+00,1.606449857354164124e-02,5.540874004364013672e-01,-1.673914551734924316e+00,3.447778522968292236e-01,1.532198905944824219e+00,2.379727512598037720e-01,-1.442836523056030273e+00,-1.739283323287963867e+00,6.736000776290893555e-01,1.441568374633789062e+00,1.510277241468429565e-01,-4.770091176033020020e-01,-1.342472881078720093e-01,-3.483104109764099121e-01,7.840148210525512695e-01,-9.624058753252029419e-02,1.246032238006591797e+00,-6.665294170379638672e-01,-1.081501469016075134e-01,-3.171724677085876465e-01,-1.352084159851074219e+00,5.433483719825744629e-01,-8.151752501726150513e-02,-3.346119225025177002e-01,3.312258124351501465e-01,2.531661093235015869e-01
7.012180685997009277e-01,1.459868103265762329e-01,1.582615017890930176e+00,-3.448439240455627441e-01,8.575136959552764893e-02,-3.666121661663055420e-01,3.804036676883697510e-01,1.274063736200332642e-01,-7.328477501869201660e-01,2.160730659961700439e-01,-4.574120044708251953e-01,7.148824334144592285e-01,-2.631171941757202148e+00,8.304524235427379608e-03,-1.944547295570373535e+00,-2.910887300968170166e-01,-1.288418412208557129e+00,-8.422645330429077148e-01,3.429406583309173584e-01,8.169975876808166504e-01,-1.067542433738708496e+00,8.974210619926452637e-01,9.774708747863769531e-01,1.541617155075073242e+00,-1.161063432693481445e+00,6.528047919273376465e-01,-1.677209854125976562e+00,-6.316227912902832031e-01,2.508281916379928589e-02,-6.383239030838012695e-01,-2.671610355377197266e+00,3.948403596878051758e-01,1.805829882621765137e+00,-4.369291663169860840e-01,-8.013322949409484863e-01,-1.110991239547729492e+00,3.276127278804779053e-01,9.961674213409423828e-01,4.921459257602691650e-01,1.061220049858093262e+00,4.664220213890075684e-01,-7.241813093423843384e-02,-1.113019585609436035e+00,1.036817669868469238e+00,-1.688775569200515747e-01,-8.324196338653564453e-01,7.705824822187423706e-02,-1.965268254280090332e+00,1.163801193237304688e+00,-8.313460350036621094e-01,1.624141037464141846e-01,2.971081972122192383e+00,5.955082774162292480e-01,2.265533059835433960e-01,2.645983397960662842e-01,1.651341468095779419e-01,-7.795884013175964355e-01,-2.481849342584609985e-01,-1.923716366291046143e-01,-1.697579145431518555e+00,9.274843335151672363e-01,2.259165793657302856e-01,1.094898700714111328e+00,3.964288234710693359e-01,-1.062154650688171387e+00,8.952091932296752930e-01,2.185284137725830078e+00,5.116119980812072754e-02,-8.549150228500366211e-01,-1.071649670600891113e+00,-2.000913858413696289e+00,6.863466501235961914e-01,-4.814148247241973877e-01,-3.649258613586425781e-01,-1.159106612205505371e+00,3.541620373725891113e-01,-1.112191200256347656e+00,7.469598650932312012e-01,-8.364151716232299805e-01,5.218437686562538147e-02,-3.957428038120269775e-01,1.518379449844360352e+00,-1.394954510033130646e-03,-2.608780562877655029e-01,3.450865745544433594e-01,5.492230057716369629e-01,9.056559205055236816e-01,-7.297225594520568848e-01,2.628881037235260010e-01,-9.025027975440025330e-03,-3.113053366541862488e-02,-2.228416204452514648e-01,-2.474007904529571533e-01,1.056685209274291992e+00,8.306557536125183105e-01,5.512321591377258301e-01,2.515704154968261719e+00,-3.117912076413631439e-02,-1.233956664800643921e-01,-5.670347213745117188e-01,-4.732331633567810059e-01,3.143961131572723389e-01,-3.428407311439514160e-01,2.771178781986236572e-01,5.064954161643981934e-01,1.211479783058166504e+00,1.022653728723526001e-01,1.248549222946166992e+00,1.132515147328376770e-01,-7.616709917783737183e-02,-4.932196345180273056e-03,7.369918823242187500e-01,-1.701978892087936401e-01,5.398166775703430176e-01,2.320570468902587891e+00,1.766060113906860352e+00,-1.495721459388732910e+00,-6.022860407829284668e-01,-3.939455747604370117e-01,-7.572379708290100098e-01,4.062424302101135254e-01,-2.694252133369445801e-01,-9.638146162033081055e-01,2.527604401111602783e-01,1.091263294219970703e+00,-5.944645777344703674e-02,1.087052464485168457e+00,-8.898288011550903320e-01,-1.368538737297058105e-01,-8.267933726310729980e-01,6.683369874954223633e-01,6.963901519775390625e-01,1.622299909591674805e+00,-4.956815242767333984e-01,-5.837544202804565430e-01,6.854028105735778809e-01,-1.010644342750310898e-02,-1.529822349548339844e+00,6.510336995124816895e-01,-4.504014253616333008e-01,-1.676826834678649902e+00,1.220479607582092285e+00,1.201555490493774414e+00,1.117872476577758789e+00,1.010628223419189453e+00,-8.401500582695007324e-01,-1.227140724658966064e-01,3.280523121356964111e-01,2.498478293418884277e-01,-1.240839600563049316e+00,-6.510367989540100098e-01,1.535018682479858398e+00,-1.316342115402221680e+00,1.904729843139648438e+00,4.366141259670257568e-01,-1.912640184164047241e-01,-9.092716127634048462e-02,-8.914135694503784180e-01,1.281117796897888184e+00,1.868645250797271729e-01,-1.091226696968078613e+00,8.348950147628784180e-01,-1.129256129264831543e+00,3.195804953575134277e-01,-6.866251230239868164e-01,-1.101549029350280762e+00,-3.933774828910827637e-01,1.477384328842163086e+00,-3.680898249149322510e-01,-9.284511907026171684e-05,-1.338641881942749023e+00,-2.096160411834716797e+00,-1.789764404296875000e+00,-1.145382761955261230e+00,8.802465796470642090e-01,1.902018189430236816e-01,7.810486555099487305e-01,4.283232688903808594e-01,1.240726187825202942e-01,-5.513653755187988281e-01,-5.307886600494384766e-01,-6.601430773735046387e-01,1.347075462341308594e+00,1.540076918900012970e-02,3.399828076362609863e-01,5.940182805061340332e-01,-3.859031796455383301e-01,-1.103693917393684387e-01,-2.546787858009338379e-01,-1.787519603967666626e-01,1.358654022216796875e+00,3.305497169494628906e-01,-6.015391275286674500e-02,1.403330802917480469e+00,1.055481910705566406e+00,-7.459971904754638672e-01,1.613361358642578125e+00,-9.222816824913024902e-01,1.793950796127319336e+00,-1.298606634140014648e+00
-7.125476002693176270e-01,4.075061976909637451e-01,-3.899550437927246094e-01,-3.407902121543884277e-01,5.748447179794311523e-01,-6.603857278823852539e-01,-2.294188886880874634e-01,-1.168550610542297363e+00,-8.102738261222839355e-01,1.002307534217834473e+00,2.765558958053588867e-01,-9.478723406791687012e-01,1.556589603424072266e+00,1.367208719253540039e+00,1.225564837455749512e+00,-2.998030781745910645e-01,6.299266219139099121e-01,-1.153471946716308594e+00,-2.059226036071777344e-01,-5.780624151229858398e-01,-6.164698600769042969e-01,2.277845740318298340e-01,3.780153095722198486e-01,-9.772897958755493164e-01,-7.611517906188964844e-01,9.982939362525939941e-01,7.687522172927856445e-01,1.588071435689926147e-01,5.439029335975646973e-01,-6.068330407142639160e-01,5.639894604682922363e-01,-4.291290938854217529e-01,1.284143686294555664e+00,-1.834216117858886719e+00,8.071721196174621582e-01,-8.307519555091857910e-01,-7.709772139787673950e-02,-8.939893841743469238e-01,-1.182343363761901855e-01,-8.672819733619689941e-01,1.773128658533096313e-01,-8.190307617187500000e-01,4.733818423119373620e-05,8.540629744529724121e-01,-3.230766057968139648e+00,1.137788057327270508e+00,1.128928184509277344e+00,-3.462358951568603516e+00,-3.403644561767578125e+00,1.356206655502319336e+00,-7.055492997169494629e-01,6.539593935012817383e-01,-1.275175660848617554e-01,1.119932293891906738e+00,-4.807273745536804199e-01,2.101701200008392334e-01,5.881521105766296387e-01,2.143573462963104248e-01,1.534937739372253418e+00,5.665942654013633728e-02,3.726135790348052979e-01,4.903088212013244629e-01,3.725600540637969971e-01,6.034784317016601562e-01,-2.023516654968261719e+00,-8.011013269424438477e-01,1.541733592748641968e-01,-4.250423014163970947e-01,5.061451196670532227e-01,1.055469393730163574e+00,1.277912139892578125e+00,1.937880039215087891e+00,-4.731027781963348389e-01,6.608496308326721191e-01,1.255301237106323242e-01,1.416803717613220215e+00,-1.283359289169311523e+00,1.159274101257324219e+00,-4.163104593753814697e-01,3.754588961601257324e-01,-8.125180006027221680e-01,6.809328198432922363e-01,1.827964186668395996e-01,-1.548976540565490723e+00,1.046050071716308594e+00,4.762873351573944092e-01,5.431689023971557617e-01,-1.666127085685729980e+00,1.271003633737564087e-01,9.780857712030410767e-03,1.115778446197509766e+00,-2.879505455493927002e-01,-1.576791286468505859e+00,-1.516614258289337158e-01,1.125011205673217773e+00,2.231936156749725342e-01,-4.720615446567535400e-01,-9.216817617416381836e-01,-1.031166672706604004e+00,1.254171609878540039e+00,-1.420037150382995605e+00,1.035472869873046875e+00,-8.555591702461242676e-01,-4.905253946781158447e-01,9.095107913017272949e-01,1.674216628074645996e+00,-1.386165618896484375e+00,-1.003262400627136230e-01,-5.765293240547180176e-01,-5.150030367076396942e-03,-1.180102825164794922e+00,-3.329097926616668701e-01,-1.216244816780090332e+00,1.514661908149719238e-01,-9.311339259147644043e-01,-5.073820948600769043e-01,-7.239738702774047852e-01,5.535430312156677246e-01,5.438348650932312012e-01,1.400782346725463867e+00,-1.797061204910278320e+00,-4.802758097648620605e-01,-5.140825510025024414e-01,6.004651188850402832e-01,-6.515518426895141602e-01,-5.849981307983398438e-01,-1.701019406318664551e-01,-1.609111428260803223e-01,-2.669411301612854004e-01,-1.704565882682800293e-01,-1.765627861022949219e+00,-1.764998555183410645e+00,7.537158727645874023e-01,6.106753349304199219e-01,2.039932757616043091e-01,-1.416535526514053345e-01,-9.178752452135086060e-02,-1.759072661399841309e+00,7.920726537704467773e-01,3.643855452537536621e-01,3.948626816272735596e-01,-5.905484408140182495e-02,3.387617170810699463e-01,-1.015310287475585938e+00,1.049064323306083679e-01,-1.922733187675476074e-01,-8.706659674644470215e-01,1.981323838233947754e+00,7.277704477310180664e-01,-3.606118261814117432e-01,3.146836757659912109e-01,-5.396879911422729492e-01,-1.021489799022674561e-01,-1.137204989790916443e-01,-1.931878566741943359e+00,3.449019789695739746e-01,3.728334307670593262e-01,-3.650716543197631836e-01,2.386454045772552490e-01,-3.232932686805725098e-01,-2.501942813396453857e-01,6.687303781509399414e-01,-1.381177544593811035e+00,5.595918893814086914e-01,-4.475643038749694824e-01,-1.810557544231414795e-01,-6.865844875574111938e-02,6.463817358016967773e-01,1.619618415832519531e+00,-2.277073264122009277e-01,5.663887858390808105e-01,-4.986960813403129578e-02,-7.119375467300415039e-01,-5.676149725914001465e-01,-8.725591748952865601e-02,-3.618524074554443359e-01,1.162965774536132812e+00,-2.248161584138870239e-01,4.748528599739074707e-01,-4.639838337898254395e-01,-1.013811230659484863e+00,4.880584403872489929e-02,-3.842297196388244629e-01,1.483532786369323730e-02,-2.208753973245620728e-01,3.081086575984954834e-01,-4.997735023498535156e-01,5.152652263641357422e-01,7.471494078636169434e-01,-7.730632424354553223e-01,-5.425413846969604492e-01,1.321019530296325684e+00,1.013947844505310059e+00,-7.023531198501586914e-01,2.089264569804072380e-03,4.223058819770812988e-01,1.344156265258789062e-01,-1.183083772659301758e+00,-7.482342720031738281e-01,-2.245615720748901367e-01
1.506698578596115112e-01,-1.326086401939392090e+00,-1.752954602241516113e+00,-2.245806157588958740e-01,2.307534664869308472e-01,-1.590714573860168457e+00,-2.070639610290527344e+00,7.123339921236038208e-02,2.055127471685409546e-01,-6.546241641044616699e-01,1.607542157173156738e+00,-5.295355916023254395e-01,4.795463085174560547e-01,1.038490757346153259e-01,-4.149342477321624756e-01,5.443535447120666504e-01,-9.519253969192504883e-01,2.372563362121582031e+00,-5.637890696525573730e-01,6.832730770111083984e-01,1.142216324806213379e+00,-1.546354174613952637e+00,-3.285982310771942139e-01,1.339546084403991699e+00,-4.484793245792388916e-01,-1.022644877433776855e+00,1.335286021232604980e+00,2.154939174652099609e+00,-4.849922060966491699e-01,-1.780548214912414551e+00,6.538205593824386597e-02,-1.308736443519592285e+00,1.399742603302001953e+00,-6.802527904510498047e-01,9.227097779512405396e-02,9.487674832344055176e-01,-1.011282205581665039e-02,1.683614134788513184e+00,-1.035104990005493164e-01,7.642855644226074219e-01,2.820583283901214600e-01,-1.995523929595947266e+00,8.804364129900932312e-03,3.625684976577758789e-01,4.042730927467346191e-01,-3.656276762485504150e-01,1.441875576972961426e+00,9.079306125640869141e-01,-4.860419332981109619e-01,-1.158123731613159180e+00,1.664997078478336334e-02,1.116681098937988281e+00,7.070276141166687012e-02,-1.023978710174560547e+00,-2.410573482513427734e+00,-2.553893029689788818e-01,7.618347406387329102e-01,9.200394153594970703e-01,-2.367025375366210938e+00,-4.574565216898918152e-02,-9.042893648147583008e-01,1.967423707246780396e-01,1.746920108795166016e+00,1.860416680574417114e-01,-6.818615198135375977e-01,6.193153858184814453e-01,-1.332876920700073242e+00,1.995198845863342285e+00,3.893479108810424805e-01,-4.205171167850494385e-01,-1.331335544586181641e+00,-1.158201575279235840e+00,7.804800868034362793e-01,1.351047396659851074e+00,3.530511260032653809e-01,-8.427423834800720215e-01,6.814356446266174316e-01,-2.968766689300537109e-01,1.025557816028594971e-01,-4.522232711315155029e-01,1.484652876853942871e+00,-9.211479425430297852e-01,4.283605217933654785e-01,-1.707419037818908691e+00,-1.059837818145751953e+00,-2.605956792831420898e+00,-7.160053849220275879e-01,1.823527097702026367e+00,5.437271595001220703e-01,3.849560618400573730e-01,1.666781306266784668e+00,6.502429395914077759e-02,-2.733089447021484375e+00,-9.457606822252273560e-03,1.332056641578674316e+00,-1.340162515640258789e+00,2.736216187477111816e-01,-6.351122856140136719e-01,-3.290051817893981934e-01,-2.323457956314086914e+00,-3.556293249130249023e-02,-1.669038057327270508e+00,-5.073739886283874512e-01,3.783279657363891602e-01,-1.391234874725341797e+00,-1.937156081199645996e+00,1.822795629501342773e+00,-1.541651010513305664e+00,7.565100193023681641e-01,-4.175541102886199951e-01,1.094931215047836304e-01,-2.684791088104248047e-01,1.698067903518676758e+00,3.157634139060974121e-01,5.190880894660949707e-01,-4.546708464622497559e-01,8.598096966743469238e-01,2.466410160064697266e+00,-4.414946958422660828e-02,2.528755068778991699e-01,-1.916265964508056641e+00,2.881410837173461914e+00,-1.148477911949157715e+00,5.106523633003234863e-01,1.426227569580078125e+00,-9.789891242980957031e-01,1.575123965740203857e-01,6.393904238939285278e-02,-1.447865366935729980e+00,2.016500681638717651e-01,-1.857764363288879395e+00,-1.767412573099136353e-02,9.181550741195678711e-01,-1.500782608985900879e+00,-1.225857853889465332e+00,3.158593773841857910e-01,-1.471006721258163452e-01,1.706170737743377686e-01,-2.387399226427078247e-01,-8.021496981382369995e-02,7.921233177185058594e-01,-2.036436080932617188e+00,1.453867554664611816e+00,1.659030318260192871e+00,4.650971293449401855e-01,-1.755075305700302124e-01,-3.330900967121124268e-01,6.816973909735679626e-03,4.952802360057830811e-01,9.044653177261352539e-01,-2.513642311096191406e-01,1.918482184410095215e+00,-1.229574456810951233e-01,7.940968871116638184e-02,4.319128394126892090e-02,-4.863333106040954590e-01,-1.455618977546691895e+00,-1.377445936203002930e+00,8.330921530723571777e-01,-2.076578140258789062e+00,3.125222027301788330e-01,-1.054421305656433105e+00,4.360527992248535156e-01,2.924461662769317627e-01,-2.058391332626342773e+00,9.021050333976745605e-01,1.589885950088500977e+00,-2.926004119217395782e-02,1.103008270263671875e+00,-3.341057896614074707e-01,7.855781912803649902e-01,6.251720190048217773e-01,7.474310398101806641e-01,-6.716489195823669434e-01,-4.470330178737640381e-01,1.070390343666076660e+00,9.495900273323059082e-01,1.540459275245666504e+00,-9.214858412742614746e-01,1.641158938407897949e+00,4.275428652763366699e-01,-9.155671000480651855e-01,-2.125885725021362305e+00,-5.191273093223571777e-01,-2.490839958190917969e-01,-1.604388356208801270e+00,-9.138631224632263184e-01,3.141829073429107666e-01,-1.658914327621459961e+00,1.337110400199890137e-01,1.049465060234069824e+00,1.132071763277053833e-01,-1.100653529167175293e+00,3.763866424560546875e-01,7.612472772598266602e-01,1.445575952529907227e+00,-1.066760420799255371e-01,-8.383277058601379395e-01,-4.306167364120483398e-01,-4.548552632331848145e-01
-1.857579052448272705e-01,5.397312045097351074e-01,-1.630274891853332520e+00,-1.397847771644592285e+00,4.124902188777923584e-02,-1.307553499937057495e-01,5.957125127315521240e-02,6.291976571083068848e-01,9.154520630836486816e-01,-4.776297211647033691e-01,3.403474092483520508e-01,1.119966506958007812e+00,-1.002107486128807068e-01,-4.869859814643859863e-01,1.441114544868469238e+00,-1.410742402076721191e-01,7.496247440576553345e-02,2.076168060302734375e+00,-3.260388672351837158e-01,4.806493222713470459e-01,5.055276155471801758e-01,-5.095732212066650391e-01,-4.633033648133277893e-02,7.709229588508605957e-01,5.975807905197143555e-01,2.520896673202514648e+00,-3.634317815303802490e-01,-1.465839296579360962e-01,1.013450264930725098e+00,1.099596977233886719e+00,-3.384076058864593506e-01,-1.678446650505065918e+00,1.528638243675231934e+00,2.739886045455932617e-01,-5.613552927970886230e-01,-1.515274286270141602e+00,1.688192129135131836e+00,1.941914439201354980e+00,1.699840545654296875e+00,-6.337488293647766113e-01,3.716534674167633057e-01,-4.020997583866119385e-01,-1.233807563781738281e+00,-6.407670974731445312e-01,-3.068311810493469238e-01,-6.074814796447753906e-01,-2.085514307022094727e+00,-2.364751815795898438e+00,-2.996550500392913818e-01,-7.037407159805297852e-01,-3.917452692985534668e-01,-1.115523725748062134e-01,5.750628113746643066e-01,1.158274769783020020e+00,6.903116106986999512e-01,9.849081933498382568e-02,4.085138067603111267e-02,1.102405190467834473e-01,-4.202465415000915527e-01,5.343010425567626953e-01,-9.531801939010620117e-02,-1.178022623062133789e+00,-4.623073339462280273e-01,5.434274077415466309e-01,5.179207324981689453e-01,-5.061385631561279297e-01,2.777042388916015625e-01,-1.459697723388671875e+00,2.870982885360717773e-01,-1.363416433334350586e+00,-2.709493972361087799e-02,-1.069029808044433594e+00,-1.000732541084289551e+00,-4.705659449100494385e-01,-7.501872181892395020e-01,-1.272544115781784058e-01,-9.225761890411376953e-01,-6.014529988169670105e-02,9.488359689712524414e-01,-7.273414134979248047e-01,1.667748689651489258e+00,-6.388010382652282715e-01,1.958810091018676758e+00,-1.149204730987548828e+00,-2.235233634710311890e-01,-3.246063888072967529e-01,-1.931995034217834473e+00,-3.275294601917266846e-01,-1.835005283355712891e-01,2.294150590896606445e-01,-1.165547132492065430e+00,-1.069430470466613770e+00,-5.330533385276794434e-01,-8.773580193519592285e-01,7.547919452190399170e-02,5.867152214050292969e-01,-1.276044249534606934e-01,-2.964711189270019531e-01,-1.008291125297546387e+00,-6.415916681289672852e-01,1.358460307121276855e+00,1.612428545951843262e+00,1.382244348526000977e+00,-2.411359995603561401e-01,1.371284365653991699e+00,-1.546870470046997070e-01,3.138805329799652100e-01,1.397425889968872070e+00,-3.928523659706115723e-01,3.090241253376007080e-01,-2.132872343063354492e+00,5.511491298675537109e-01,7.395472493954002857e-04,1.012677788734436035e+00,1.287753820419311523e+00,3.596476837992668152e-02,9.609231352806091309e-01,-2.818576525896787643e-03,-1.302617043256759644e-01,-7.680130004882812500e-01,-1.168541431427001953e+00,-5.423186421394348145e-01,7.437249422073364258e-01,-1.131522178649902344e+00,-1.650115966796875000e+00,-6.022678688168525696e-02,2.579414546489715576e-01,2.938308238983154297e+00,-1.084071278572082520e+00,-3.968952298164367676e-01,-6.922445297241210938e-01,7.274675369262695312e-02,1.117960691452026367e+00,1.031455278396606445e+00,3.399733304977416992e-01,1.963601589202880859e+00,-8.102170191705226898e-03,-1.301844477653503418e+00,-3.686445951461791992e-01,-2.595577239990234375e-01,-9.687130451202392578e-01,6.272543966770172119e-02,-4.688668251037597656e-01,-7.550487760454416275e-03,2.033211588859558105e-01,7.125203013420104980e-01,-1.065030097961425781e+00,1.203546524047851562e+00,6.695952415466308594e-01,3.943922817707061768e-01,1.200365066528320312e+00,-6.516623497009277344e-01,-4.005982726812362671e-02,-4.294007718563079834e-01,-4.504025578498840332e-01,1.597719073295593262e+00,6.464568972587585449e-01,6.675492525100708008e-01,7.411702275276184082e-01,1.707826137542724609e+00,4.675398468971252441e-01,-1.808923125267028809e+00,-7.843453437089920044e-02,2.674804329872131348e-01,3.596529364585876465e-01,2.067309170961380005e-01,-3.561756312847137451e-01,7.608689665794372559e-01,-5.949523448944091797e-01,-3.961364626884460449e-01,1.971140384674072266e+00,8.093850612640380859e-01,4.434129893779754639e-01,1.815378316678106785e-03,-3.965925276279449463e-01,-1.123021125793457031e+00,1.999763250350952148e+00,-1.912094056606292725e-01,-1.079389974474906921e-01,-8.616713285446166992e-01,2.579857409000396729e-01,-4.552726149559020996e-01,-3.084773421287536621e-01,9.023461937904357910e-01,1.348705649375915527e+00,-1.042579770088195801e+00,7.916623950004577637e-01,-3.342801928520202637e-01,9.891737699508666992e-01,2.491536140441894531e+00,8.126410841941833496e-01,9.573552012443542480e-01,-2.126679420471191406e-01,4.898379743099212646e-01,-4.093345105648040771e-01,-1.863710582256317139e-02,-1.037118077278137207e+00,-1.731361262500286102e-03,6.567893028259277344e-01,-7.430186495184898376e-03
-1.239285707473754883e+00,3.768915235996246338e-01,-3.830056488513946533e-01,4.838018417358398438e-01,1.913964748382568359e-01,-3.311724066734313965e-01,-1.132570147514343262e+00,-2.731150388717651367e-01,-2.077867507934570312e+00,5.350470542907714844e-01,8.747907876968383789e-01,4.986999332904815674e-01,1.011103689670562744e-01,1.861425489187240601e-02,5.419158935546875000e-01,1.085935980081558228e-01,3.785819187760353088e-02,-7.849822640419006348e-01,1.942940473556518555e+00,-1.949719071388244629e+00,2.860095351934432983e-02,-2.985187172889709473e-01,4.316354095935821533e-01,-4.913475364446640015e-02,-8.099479079246520996e-01,3.636938631534576416e-01,-5.680425763130187988e-01,-4.273850321769714355e-01,4.417659044265747070e-01,-2.796890437602996826e-01,2.491118758916854858e-01,-1.645897150039672852e+00,1.619273424148559570e+00,1.104735732078552246e+00,1.248539566993713379e+00,8.005022406578063965e-01,6.724318861961364746e-01,-2.503043971955776215e-02,1.473115682601928711e-01,-1.115994930267333984e+00,-2.813629627227783203e+00,4.414897859096527100e-01,-5.309466719627380371e-01,1.370736956596374512e+00,7.517306208610534668e-01,-2.999820113182067871e-01,2.226172238588333130e-01,7.928944230079650879e-01,-9.380199015140533447e-03,-8.226803541183471680e-01,1.949554495513439178e-02,-1.537598848342895508e+00,-2.215447276830673218e-01,2.012315511703491211e+00,1.450016498565673828e+00,-2.474654652178287506e-02,-9.312105923891067505e-02,-3.140067458152770996e-01,4.866666495800018311e-01,3.034987151622772217e-01,-4.168845415115356445e-01,2.542351782321929932e-01,-4.641337990760803223e-01,8.618865013122558594e-01,2.454068899154663086e+00,2.202600091695785522e-01,1.523652195930480957e+00,-8.373220562934875488e-01,1.005330443382263184e+00,-6.066539883613586426e-01,-2.052521705627441406e+00,2.668205797672271729e-01,-1.617961764335632324e+00,6.283975392580032349e-02,-1.467484831809997559e-01,6.049022078514099121e-01,-4.723607599735260010e-01,2.581311166286468506e-01,-4.453018307685852051e-01,5.126628279685974121e-01,9.524059891700744629e-01,3.686125278472900391e-01,-8.618991971015930176e-01,3.977498412132263184e-01,-2.374907970428466797e+00,4.209395051002502441e-01,-6.452109664678573608e-02,1.588572740554809570e+00,9.253792464733123779e-02,9.816189855337142944e-02,-2.925319671630859375e-01,-3.871439993381500244e-01,8.377891182899475098e-01,2.912563085556030273e-01,-1.404329538345336914e-01,1.805504918098449707e+00,1.362798690795898438e+00,1.031174659729003906e+00,-1.084473729133605957e+00,-2.893410027027130127e-01,1.418226480484008789e+00,1.409774899482727051e+00,-1.393047690391540527e+00,-2.363999933004379272e-01,-9.491697549819946289e-01,2.124750018119812012e-01,-1.228282302618026733e-01,3.352306485176086426e-01,3.641266822814941406e-01,9.169667959213256836e-02,7.248995900154113770e-01,-9.464373588562011719e-01,-8.619287610054016113e-02,-3.752640485763549805e-01,8.500335365533828735e-02,1.774986743927001953e+00,-1.436571598052978516e+00,7.159620523452758789e-01,1.947959899902343750e+00,-2.039479762315750122e-01,-9.184979200363159180e-01,5.330700278282165527e-01,1.956513166427612305e+00,-9.848845601081848145e-01,-2.515673339366912842e-01,-3.643403649330139160e-01,5.459572672843933105e-01,2.091882377862930298e-02,1.242955103516578674e-01,5.049764513969421387e-01,5.795873999595642090e-01,7.248957753181457520e-01,-7.231398224830627441e-01,9.020915031433105469e-01,1.556878209114074707e+00,2.640816867351531982e-01,1.085374236106872559e+00,-1.254244685173034668e+00,1.442334204912185669e-01,1.585697770118713379e+00,-4.947797060012817383e-01,-8.632471412420272827e-02,-1.165743112564086914e+00,-1.023163869976997375e-01,1.117303967475891113e+00,-3.716458678245544434e-01,3.313438296318054199e-01,-5.623728036880493164e-01,-1.030269980430603027e+00,2.228151559829711914e+00,1.806970953941345215e+00,9.609565138816833496e-03,-8.009835481643676758e-01,-8.624033331871032715e-01,-6.920154690742492676e-01,6.217929124832153320e-01,2.452005445957183838e-01,2.869329452514648438e-01,3.752250075340270996e-01,1.536387056112289429e-01,1.034288048744201660e+00,1.219083428382873535e+00,-5.509324669837951660e-01,1.160573124885559082e+00,-2.113740682601928711e+00,3.728071451187133789e-01,1.254120230674743652e+00,3.066361844539642334e-01,9.204350709915161133e-01,-5.731377601623535156e-01,1.475096106529235840e+00,-1.113657712936401367e+00,1.407979965209960938e+00,-3.630579411983489990e-01,-1.037130832672119141e+00,-8.905662298202514648e-01,-8.259383440017700195e-01,-1.022109985351562500e+00,-8.412277102470397949e-01,-1.589725464582443237e-01,-1.520030260086059570e+00,-9.198351502418518066e-01,5.743804574012756348e-01,5.760366320610046387e-01,-5.048419833183288574e-01,-2.013705223798751831e-01,6.648542732000350952e-02,3.901069760322570801e-01,4.041538536548614502e-01,-1.028532147407531738e+00,2.324332714080810547e+00,-5.726808905601501465e-01,1.257029533386230469e+00,3.757600784301757812e-01,-3.079508841037750244e-01,3.508364856243133545e-01,-3.984202817082405090e-02,2.512894630432128906e+00,1.274351596832275391e+00,3.462843596935272217e-01
-1.949286103248596191e+00,-1.952305734157562256e-01,-5.133256912231445312e-01,3.267579674720764160e-01,2.175994157791137695e+00,1.603490233421325684e+00,-6.681845188140869141e-01,-1.521587491035461426e+00,2.050654411315917969e+00,9.501542896032333374e-02,-1.496316045522689819e-01,6.339810788631439209e-02,4.655488133430480957e-01,7.467964887619018555e-01,5.678735971450805664e-01,1.580811381340026855e+00,3.977321386337280273e-01,3.182517290115356445e-01,-3.990399837493896484e-01,-1.278196215629577637e+00,-2.244519442319869995e-01,5.454652309417724609e-01,5.279423668980598450e-03,-6.854456663131713867e-01,2.629815101623535156e+00,-3.837974369525909424e-02,-8.764899373054504395e-01,-8.948328495025634766e-01,7.435273844748735428e-03,1.503563858568668365e-02,1.139716744422912598e+00,-7.989631891250610352e-01,2.735156059265136719e+00,1.392438054084777832e+00,-1.810067296028137207e+00,1.568752646446228027e+00,-4.374068975448608398e-01,-1.301663368940353394e-02,2.952468991279602051e-01,-4.957858622074127197e-01,9.835451245307922363e-01,1.009785175323486328e+00,-1.395998120307922363e+00,-7.644861936569213867e-01,-1.106866121292114258e+00,-1.142566561698913574e+00,-7.514560818672180176e-01,-7.325282692909240723e-02,1.926931291818618774e-01,-3.664058819413185120e-02,-9.249016642570495605e-01,-1.790105223655700684e+00,1.125311613082885742e+00,4.745492339134216309e-01,-2.142786532640457153e-01,7.547449320554733276e-02,-1.482616305351257324e+00,4.776188731193542480e-01,-1.263951897621154785e+00,-3.830850720405578613e-01,-2.707814872264862061e-01,-2.373474985361099243e-01,-2.696730494499206543e-01,-1.006847321987152100e-01,-8.635848760604858398e-01,-4.583600461483001709e-01,-1.656184047460556030e-01,-6.745832562446594238e-01,-3.966777622699737549e-01,-9.043009877204895020e-01,1.689066410064697266e+00,8.699694275856018066e-01,-2.533098459243774414e-01,-1.786511063575744629e+00,-9.556698799133300781e-01,7.699155807495117188e-01,-1.952096700668334961e+00,-6.158881783485412598e-01,-1.603716969490051270e+00,-5.293689966201782227e-01,5.357981473207473755e-02,-4.726776182651519775e-01,-4.603353738784790039e-01,-7.515114545822143555e-01,5.447837710380554199e-01,-1.412034779787063599e-01,-1.226083755493164062e+00,9.425233006477355957e-01,1.588858246803283691e+00,-1.727805286645889282e-01,-7.023514509201049805e-01,-2.821153998374938965e-01,-1.496114373207092285e+00,-2.568330168724060059e-01,1.443774938583374023e+00,-6.452234387397766113e-01,-1.957682669162750244e-01,1.119001135230064392e-01,9.825039505958557129e-01,-9.256033897399902344e-01,7.325994372367858887e-01,-9.039449691772460938e-01,8.124310970306396484e-01,2.445413589477539062e+00,1.087557822465896606e-01,-5.505938529968261719e-01,5.842429399490356445e-01,-1.457850575447082520e+00,1.592690229415893555e+00,-1.335879802703857422e+00,-5.061097145080566406e-01,5.842654109001159668e-01,-1.381864786148071289e+00,-4.607279002666473389e-01,-2.796523571014404297e-01,-9.218032956123352051e-01,-6.385390758514404297e-01,-6.832037121057510376e-02,1.025960206985473633e+00,6.479006409645080566e-01,-1.312956959009170532e-01,-9.880226850509643555e-01,1.073874354362487793e+00,6.057906150817871094e-01,1.836111903190612793e+00,1.462218761444091797e+00,-4.087066277861595154e-02,-9.088066816329956055e-01,1.693377047777175903e-01,-2.096632242202758789e+00,-1.537863969802856445e+00,1.400113701820373535e+00,-2.032607644796371460e-01,1.717574834823608398e+00,-1.080688476562500000e+00,-3.204686567187309265e-02,-4.583348929882049561e-01,1.088667988777160645e+00,-9.787422418594360352e-01,-1.053486824035644531e+00,1.061271071434020996e+00,1.114555716514587402e+00,-3.461829125881195068e-01,-1.169745087623596191e+00,2.235325872898101807e-01,-3.166300654411315918e-01,1.991991519927978516e+00,5.085386633872985840e-01,-6.608195900917053223e-01,-6.923787593841552734e-01,-2.791797369718551636e-02,2.530605345964431763e-02,1.281068086624145508e+00,7.415931820869445801e-01,-1.958838224411010742e+00,2.804548442363739014e-01,5.335339903831481934e-01,9.898731112480163574e-02,3.786699771881103516e-01,1.055872678756713867e+00,1.387813806533813477e+00,-9.376820921897888184e-01,7.407392263412475586e-01,3.657742142677307129e-01,2.484280347824096680e+00,-3.172293007373809814e-01,-7.036708593368530273e-01,-6.622096896171569824e-01,-2.053393363952636719e+00,9.092737436294555664e-01,5.554589033126831055e-01,2.505199015140533447e-01,1.022868394851684570e+00,1.303091287612915039e+00,-8.353383839130401611e-02,9.739390611648559570e-01,-1.100586771965026855e+00,-4.445410370826721191e-01,2.681399285793304443e-01,6.294263601303100586e-01,3.050346970558166504e-01,-3.599916100502014160e-01,2.993225574493408203e+00,1.856981635093688965e+00,-1.571310162544250488e+00,5.821331739425659180e-01,-5.048421025276184082e-01,1.500957012176513672e-01,1.031062245368957520e+00,-4.160289466381072998e-01,8.159751296043395996e-01,2.251648664474487305e+00,-4.935572445392608643e-01,-3.809562921524047852e-01,1.884307712316513062e-01,-1.834404617547988892e-01,-2.488322108983993530e-01,-7.639887332916259766e-01,1.334156751632690430e+00,-1.396669983863830566e+00
1.678058862686157227e+00,1.267439723014831543e+00,2.413866855204105377e-02,9.672961384057998657e-02,-1.975957512855529785e+00,3.213327825069427490e-01,1.020686745643615723e+00,-2.235743999481201172e+00,-4.218088686466217041e-01,3.478660583496093750e-01,2.226695269346237183e-01,-1.571667790412902832e+00,4.406243264675140381e-01,-3.216819763183593750e-01,-1.305718533694744110e-02,-1.559382557868957520e+00,3.185298144817352295e-01,-1.200618743896484375e+00,-1.899648904800415039e+00,-3.071848750114440918e-01,1.668770790100097656e+00,-2.258086651563644409e-01,3.595551550388336182e-01,-1.126325964927673340e+00,-1.329999446868896484e+00,1.455135583877563477e+00,-5.578352212905883789e-01,-7.801465690135955811e-02,1.908567070960998535e+00,-5.612935423851013184e-01,-7.701781988143920898e-01,-1.040489912033081055e+00,6.948237419128417969e-01,7.387557625770568848e-01,8.394130468368530273e-01,1.016875982284545898e+00,-7.073972821235656738e-01,5.861352682113647461e-01,3.418823182582855225e-01,-1.307813882827758789e+00,7.610759139060974121e-01,5.982391834259033203e-01,1.094326376914978027e+00,-2.436116486787796021e-01,-7.465566694736480713e-02,1.087090253829956055e+00,3.763003647327423096e-01,1.396317243576049805e+00,-2.284744679927825928e-01,-1.384533643722534180e-01,4.901734590530395508e-01,-1.645028710365295410e+00,1.783445924520492554e-01,-1.848372220993041992e-01,-5.372416228055953979e-02,9.563811421394348145e-01,4.359799921512603760e-01,4.022097289562225342e-01,-4.254398401826620102e-03,4.330013096332550049e-01,-1.081729531288146973e+00,-2.431528419256210327e-01,-5.861045122146606445e-01,7.560954689979553223e-01,-7.702666521072387695e-01,9.016198515892028809e-01,7.987598180770874023e-01,-8.629065752029418945e-01,-3.419114947319030762e-01,9.685057997703552246e-01,-3.439160287380218506e-01,-1.809071302413940430e+00,-5.216367244720458984e-01,-1.041645526885986328e+00,1.195182800292968750e-01,9.207284450531005859e-01,2.631968736648559570e+00,-1.753115296363830566e+00,3.709360957145690918e-01,-3.008859455585479736e-01,4.585004150867462158e-01,-1.974140882492065430e+00,-7.980263233184814453e-02,-1.171464174985885620e-01,1.032707333564758301e+00,1.085687518119812012e+00,-1.254801630973815918e+00,-1.284031122922897339e-01,-8.274686336517333984e-02,-1.592780828475952148e+00,-1.874840259552001953e-01,-6.299881935119628906e-01,-1.985619187355041504e+00,-3.252844214439392090e-01,9.990238547325134277e-01,-2.958633899688720703e-01,-1.123189628124237061e-01,3.086467087268829346e-01,-4.392317533493041992e-01,5.874581933021545410e-01,9.054129123687744141e-01,5.915997028350830078e-01,4.286046624183654785e-01,-9.802623391151428223e-01,1.132833480834960938e+00,-1.028000831604003906e+00,-3.544124066829681396e-01,-6.454291343688964844e-01,1.206723809242248535e+00,-2.226812094449996948e-01,8.499350547790527344e-01,8.904696106910705566e-01,-1.819544434547424316e-01,4.309155642986297607e-01,-1.417809128761291504e-01,1.547874450683593750e+00,-9.634799361228942871e-01,-2.183229103684425354e-02,-7.490971088409423828e-01,4.207149147987365723e-01,1.067974925041198730e+00,-1.436351388692855835e-01,1.219869494438171387e+00,6.665872335433959961e-01,1.310788631439208984e+00,-3.229494690895080566e-01,2.087674140930175781e+00,2.056289911270141602e-01,6.663766503334045410e-01,-5.650259926915168762e-02,-6.960461139678955078e-01,-5.360530018806457520e-01,1.064725160598754883e+00,-1.107863485813140869e-01,-4.428316950798034668e-01,-6.014120578765869141e-01,-5.142255425453186035e-01,1.029971837997436523e+00,6.806843876838684082e-01,4.747747182846069336e-01,3.883770108222961426e-01,8.378925919532775879e-01,-8.229046463966369629e-01,1.175865173339843750e+00,-1.666654348373413086e+00,-4.764098823070526123e-01,-7.056726217269897461e-01,3.172957897186279297e-02,1.075513124465942383e+00,-6.380777955055236816e-01,-1.081533432006835938e+00,-5.678385868668556213e-02,-1.278718709945678711e+00,2.686569392681121826e-01,-2.332913316786289215e-02,7.463419809937477112e-03,-3.996986448764801025e-01,-2.997651696205139160e-01,-1.790075182914733887e+00,-6.626717448234558105e-01,-5.268670320510864258e-01,2.571847140789031982e-01,2.495454788208007812e+00,-8.650974631309509277e-01,-3.029103577136993408e-01,1.802423834800720215e+00,-3.372271358966827393e-01,-2.830939590930938721e-01,3.671911954879760742e-01,-7.076675295829772949e-01,6.435088515281677246e-01,2.459970951080322266e+00,3.314515352249145508e-01,1.617563605308532715e+00,-6.199932694435119629e-01,-3.610074818134307861e-01,-1.781855940818786621e+00,-2.012530326843261719e+00,5.902553200721740723e-01,1.046497941017150879e+00,-2.353781223297119141e+00,-9.478631615638732910e-01,1.738337516784667969e+00,1.546420454978942871e+00,4.857005476951599121e-01,3.804160356521606445e-01,-2.035348117351531982e-01,5.754973888397216797e-01,-1.170870542526245117e+00,1.065135359764099121e+00,-7.839472889900207520e-01,-1.124652028083801270e+00,-1.074394464492797852e+00,6.329237818717956543e-01,-5.592548847198486328e-02,6.432918310165405273e-01,-1.075828433036804199e+00,-1.479377269744873047e+00,2.081677436828613281e+00,4.592086374759674072e-01
-1.727886646986007690e-01,-1.013375401496887207e+00,-3.810599818825721741e-02,-1.405314445495605469e+00,-8.856962323188781738e-01,5.682579278945922852e-01,-8.996068835258483887e-01,1.166021943092346191e+00,-8.421671986579895020e-01,5.119444131851196289e-01,-2.148639112710952759e-01,5.219188928604125977e-01,9.446261823177337646e-02,-2.503014802932739258e-01,5.272261500358581543e-01,-4.778305888175964355e-01,8.179647326469421387e-01,-3.095712363719940186e-01,1.116640865802764893e-01,-9.213808178901672363e-01,-4.404034614562988281e-01,1.065759360790252686e-01,4.671683534979820251e-02,1.493177097290754318e-02,-1.700360029935836792e-01,-7.215465903282165527e-01,5.868710875511169434e-01,2.019020795822143555e+00,-3.000955581665039062e+00,-4.241666793823242188e-01,2.798205316066741943e-01,7.152605056762695312e-01,3.192199170589447021e-01,-3.811048567295074463e-01,-3.517422825098037720e-02,9.335423707962036133e-01,-7.325741052627563477e-01,-1.152978777885437012e+00,1.568191289901733398e+00,3.711940944194793701e-01,4.393386542797088623e-01,-6.948457956314086914e-01,-1.031461134552955627e-01,9.980635344982147217e-02,-1.236682891845703125e+00,6.872531175613403320e-01,7.870336621999740601e-02,-9.092819094657897949e-01,1.413470983505249023e+00,1.412460654973983765e-01,-5.446714758872985840e-01,-6.643190383911132812e-01,1.181575059890747070e+00,5.644038319587707520e-01,-9.181029796600341797e-01,-3.509219586849212646e-01,1.833200603723526001e-01,-4.032043218612670898e-01,1.079887598752975464e-01,-5.041616559028625488e-01,-5.300912857055664062e-01,-6.108189225196838379e-01,1.022593259811401367e+00,2.514637947082519531e+00,6.346563696861267090e-01,-1.300981342792510986e-01,1.342286229133605957e+00,-1.040162086486816406e+00,-3.020768426358699799e-02,1.361130595207214355e+00,-2.903855741024017334e-01,-3.443227112293243408e-01,-1.507616043090820312e+00,-1.472853660583496094e+00,8.016120195388793945e-01,9.250491857528686523e-01,8.594903945922851562e-01,-1.976947933435440063e-01,1.023270711302757263e-01,-1.449804902076721191e-01,6.316275000572204590e-01,1.437380909919738770e+00,3.984975814819335938e-01,-3.298188745975494385e-01,7.945412993431091309e-01,-1.255104899406433105e+00,-2.089087247848510742e+00,6.159266233444213867e-01,-2.960557043552398682e-01,4.464145600795745850e-01,-9.214307069778442383e-01,-7.177175283432006836e-01,-1.258055567741394043e+00,-7.704601883888244629e-01,4.550688564777374268e-01,-6.357431411743164062e-01,-1.109972000122070312e+00,1.881468296051025391e+00,-1.285958051681518555e+00,-4.778086543083190918e-01,-9.480070471763610840e-01,2.892825305461883545e-01,-1.996142864227294922e-01,-1.164417147636413574e+00,6.437553167343139648e-01,-4.518064111471176147e-02,-3.357455134391784668e-01,-5.458055138587951660e-01,9.183547496795654297e-01,-1.661335229873657227e-01,-7.607363462448120117e-01,-1.323478579521179199e+00,2.782773077487945557e-01,-1.185636043548583984e+00,2.236613750457763672e+00,2.093338727951049805e+00,-2.590134739875793457e-01,-1.651466935873031616e-01,-4.720256924629211426e-01,-2.155460603535175323e-02,6.339489817619323730e-01,5.016552209854125977e-01,1.960625290870666504e+00,2.012115478515625000e+00,-1.413775563240051270e+00,7.495099902153015137e-01,-4.220052361488342285e-01,-1.319501042366027832e+00,1.419508308172225952e-01,-1.240211576223373413e-01,2.514039754867553711e+00,-1.431708503514528275e-02,4.443383216857910156e-01,-5.687394142150878906e-01,-1.350005865097045898e-01,4.879260659217834473e-01,9.571295976638793945e-01,-8.606628179550170898e-01,-2.156818151473999023e+00,-8.033394217491149902e-01,-1.255694031715393066e+00,-1.334765911102294922e+00,-1.636278182268142700e-01,1.190789937973022461e+00,1.115503072738647461e+00,8.987331390380859375e-02,-5.347053408622741699e-01,-6.842229962348937988e-01,-4.036607444286346436e-01,-6.972849965095520020e-01,-1.072692990303039551e+00,6.609763503074645996e-01,8.256573081016540527e-01,2.496846467256546021e-01,-2.389001250267028809e-01,-1.452311277389526367e+00,9.545642137527465820e-01,8.773037791252136230e-01,-7.747333049774169922e-01,6.620717644691467285e-01,1.088975891470909119e-01,-7.990939542651176453e-03,-6.819013953208923340e-01,7.888811826705932617e-01,1.401122212409973145e+00,9.063795208930969238e-01,-1.142502784729003906e+00,1.952252268791198730e+00,3.473028838634490967e-01,8.960905671119689941e-01,-5.271588563919067383e-01,4.235484302043914795e-01,3.783894181251525879e-01,-5.348981022834777832e-01,-1.158307313919067383e+00,1.589034795761108398e-01,-1.521586477756500244e-01,-9.783954024314880371e-01,-1.335926890373229980e+00,-8.131490349769592285e-01,8.066375255584716797e-01,-2.890994250774383545e-01,-2.996107339859008789e-01,1.214988112449645996e+00,-1.039088740944862366e-01,1.920762896537780762e+00,1.651421487331390381e-01,1.405055284500122070e+00,-7.372385859489440918e-01,-3.827484548091888428e-01,7.108578085899353027e-01,3.108554184436798096e-01,-2.603264451026916504e-01,-1.002883791923522949e+00,-1.620682358741760254e+00,-3.574862331151962280e-02,-8.653720021247863770e-01,-5.102832913398742676e-01,-1.274462461471557617e+00,2.009575515985488892e-01
8.011228442192077637e-01,-1.959489464759826660e+00,-1.358116269111633301e-01,9.331062436103820801e-01,-1.355946183204650879e+00,3.580948412418365479e-01,-9.628990292549133301e-01,8.154277801513671875e-01,1.975891113281250000e+00,2.229271173477172852e+00,2.134635448455810547e+00,3.876580670475959778e-02,-1.585878610610961914e+00,4.863293766975402832e-01,-2.357090473175048828e+00,1.824619323015213013e-01,-8.446280956268310547e-01,9.069145470857620239e-02,-1.309964537620544434e+00,1.944763362407684326e-01,1.091721430420875549e-01,3.007283806800842285e-01,-1.016561627388000488e+00,-7.306420803070068359e-01,1.907682716846466064e-01,-1.303083896636962891e+00,-9.163423180580139160e-01,-1.924563527107238770e+00,-1.370273232460021973e+00,1.574066400527954102e+00,-1.460382580757141113e+00,8.219964504241943359e-01,-6.274729967117309570e-01,-8.602718114852905273e-01,2.037126541137695312e+00,-1.579488158226013184e+00,-2.894106209278106689e-01,-1.504510045051574707e+00,-1.157785177230834961e+00,-3.614287674427032471e-01,1.345008254051208496e+00,1.228998973965644836e-02,-8.303328752517700195e-01,3.523485064506530762e-01,-3.547812402248382568e-01,4.687165021896362305e-01,-4.153255224227905273e-01,1.515284419059753418e+00,-4.613217711448669434e-01,8.260991424322128296e-02,-1.175183176994323730e+00,9.630420804023742676e-01,1.024427413940429688e+00,-1.546858668327331543e+00,-1.193509936332702637e+00,3.338871300220489502e-01,-8.069730401039123535e-01,-1.170990586280822754e+00,1.516340374946594238e-01,1.471449375152587891e+00,5.370115637779235840e-01,-2.084739971905946732e-03,1.795173048973083496e+00,1.949262499809265137e+00,5.779252648353576660e-01,9.247660040855407715e-01,-7.586324810981750488e-01,-8.703343868255615234e-01,3.877303302288055420e-01,-3.971152901649475098e-01,-1.498593688011169434e-01,4.586614668369293213e-01,1.313118219375610352e+00,-7.262488007545471191e-01,-1.257098078727722168e+00,1.993635594844818115e-01,-1.984880208969116211e+00,-3.253635764122009277e-01,9.770597815513610840e-01,8.225908875465393066e-01,-6.105485558509826660e-01,5.857539772987365723e-01,-1.084063887596130371e+00,-1.501499652862548828e+00,5.931264534592628479e-02,1.692073822021484375e+00,-1.752182990312576294e-01,-1.069475769996643066e+00,7.965201139450073242e-01,2.859036624431610107e-01,-9.660710692405700684e-01,5.231264233589172363e-01,1.560346484184265137e+00,-5.809602141380310059e-01,-2.739950120449066162e-01,-4.474668204784393311e-01,4.527433812618255615e-01,5.946760997176170349e-02,2.297249436378479004e-02,1.205305933952331543e+00,-5.094854235649108887e-01,-6.017975211143493652e-01,9.044134616851806641e-02,7.743716239929199219e-01,1.369202971458435059e+00,3.724088668823242188e-01,4.515384435653686523e-01,-1.788571476936340332e-01,-7.006275057792663574e-01,-3.017360687255859375e+00,-5.134007334709167480e-01,-7.206856608390808105e-01,-2.257352590560913086e+00,4.286613464355468750e-01,9.287483692169189453e-01,-1.084763929247856140e-01,6.071193218231201172e-01,-6.868236064910888672e-01,7.871915698051452637e-01,1.292163133621215820e+00,-2.218073755502700806e-01,-8.320782184600830078e-01,1.977169364690780640e-01,2.492372095584869385e-01,-4.509760066866874695e-02,-4.497491717338562012e-01,8.403063565492630005e-02,-2.180090188980102539e+00,-1.505203247070312500e+00,-9.799432009458541870e-02,6.427183747291564941e-01,2.793619036674499512e-01,1.724581956863403320e+00,3.720705509185791016e-01,1.187767744064331055e+00,-8.940523862838745117e-01,2.374628931283950806e-01,-1.078344225883483887e+00,-1.382868766784667969e+00,2.737005054950714111e-01,-7.958607673645019531e-01,-2.296227216720581055e-01,-6.229154467582702637e-01,-5.970051884651184082e-01,-1.339257359504699707e+00,-2.636073589324951172e+00,1.177658438682556152e-01,-3.825885951519012451e-01,7.113533020019531250e-01,1.295108437538146973e+00,-4.241245388984680176e-01,-3.266475796699523926e-01,-1.406157016754150391e+00,2.613981068134307861e-01,1.071763992309570312e+00,-5.688804984092712402e-01,1.615158021450042725e-01,-1.455860376358032227e+00,-8.671569824218750000e-01,-4.956042170524597168e-01,-6.373851299285888672e-01,8.243424296379089355e-01,1.604100584983825684e+00,6.564294695854187012e-01,-1.639217585325241089e-01,1.206279873847961426e+00,-1.167413234710693359e+00,1.453362852334976196e-01,-7.249276638031005859e-01,-7.937834262847900391e-01,2.157252550125122070e+00,1.086590647697448730e+00,1.325163125991821289e+00,-1.249870777130126953e+00,-1.148649930953979492e+00,-8.990417122840881348e-01,-5.750859379768371582e-01,-2.592699229717254639e-01,7.143340110778808594e-01,-6.429731845855712891e-01,1.421246528625488281e+00,-1.707614660263061523e+00,-1.425683125853538513e-02,1.205847859382629395e+00,3.105304539203643799e-01,7.631276249885559082e-01,-3.044422268867492676e-01,1.043050169944763184e+00,-1.079437255859375000e+00,1.853404402732849121e+00,2.971490919589996338e-01,-1.260602474212646484e+00,7.264862209558486938e-02,-1.011161506175994873e-01,1.082526445388793945e+00,1.423226952552795410e+00,-8.916416168212890625e-01,1.492537617683410645e+00,-7.953524589538574219e-01,-4.411135315895080566e-01
1.183321595191955566e+00,7.152130603790283203e-01,-6.970213651657104492e-01,-3.116646111011505127e-01,-5.605243444442749023e-01,9.191875457763671875e-01,1.893579840660095215e+00,1.143525481224060059e+00,-4.118653535842895508e-01,-1.406796813011169434e+00,-4.796010255813598633e-01,2.541513442993164062e-01,-1.548196911811828613e+00,6.105201840400695801e-01,1.416979670524597168e+00,3.283299878239631653e-02,8.690634965896606445e-01,1.048596739768981934e+00,1.529596149921417236e-01,8.246422559022903442e-02,8.186953514814376831e-02,-1.711422204971313477e+00,2.308756671845912933e-02,6.998606324195861816e-01,4.368317313492298126e-03,5.363216400146484375e-01,1.482596993446350098e+00,8.995666503906250000e-01,-1.830681711435317993e-01,1.076909303665161133e+00,1.157716155052185059e+00,1.978221535682678223e-01,-3.465201258659362793e-01,-6.257290244102478027e-01,-2.293881028890609741e-02,-7.858102321624755859e-01,-1.325837135314941406e+00,1.566219627857208252e-01,9.167187660932540894e-02,-1.125754117965698242e+00,-9.401071071624755859e-01,3.648819327354431152e-01,-9.523144960403442383e-01,-3.581212460994720459e-01,-6.063637733459472656e-01,1.504693388938903809e+00,4.775687158107757568e-01,9.256945252418518066e-01,1.129310369491577148e+00,-5.047571659088134766e-01,-7.332498431205749512e-01,-3.705991208553314209e-01,-4.697744548320770264e-02,8.362923860549926758e-01,1.961571455001831055e+00,6.411898136138916016e-01,5.355125665664672852e-01,-9.066995382308959961e-01,-1.849732756614685059e+00,4.580558538436889648e-01,7.077376246452331543e-01,-6.950449943542480469e-01,-9.511945843696594238e-01,7.207257151603698730e-01,-5.602284073829650879e-01,4.742619991302490234e-01,2.577706575393676758e-01,1.421812415122985840e+00,-1.152123570442199707e+00,7.130095362663269043e-01,7.592073827981948853e-02,2.000597953796386719e+00,2.277464628219604492e+00,5.819335579872131348e-01,-9.517992734909057617e-01,1.212243735790252686e-01,-3.996777236461639404e-01,-2.649116329848766327e-02,-8.487417101860046387e-01,3.523051142692565918e-01,-9.563894271850585938e-01,-2.759408019483089447e-02,-1.718560934066772461e+00,3.942935913801193237e-02,2.627545893192291260e-01,-8.263670802116394043e-01,-9.402021169662475586e-01,-7.156468629837036133e-01,1.375859022140502930e+00,-2.166681587696075439e-01,-5.530479550361633301e-01,-4.369150698184967041e-01,1.855100393295288086e+00,-7.010205388069152832e-01,3.523302078247070312e-02,-9.069706499576568604e-02,2.156902104616165161e-01,-9.303899407386779785e-01,1.442970931529998779e-01,-1.032497048377990723e+00,-1.835374712944030762e+00,1.000972747802734375e+00,-1.796549111604690552e-01,1.027678370475769043e+00,-2.376917451620101929e-01,-4.151546657085418701e-01,5.944121479988098145e-01,5.644988417625427246e-01,-1.431734085083007812e+00,1.428129315376281738e+00,-6.318832039833068848e-01,3.051732778549194336e-01,7.096803188323974609e-02,-8.602800965309143066e-01,1.896999835968017578e+00,3.010120868682861328e+00,-1.126827716827392578e+00,-1.019401788711547852e+00,-2.542020380496978760e-01,-2.311493605375289917e-01,-1.158521294593811035e+00,4.302214682102203369e-01,2.244809627532958984e+00,9.565904140472412109e-01,2.497409433126449585e-01,1.459375500679016113e+00,-9.444615244865417480e-01,7.181019783020019531e-01,-1.551250219345092773e+00,-1.020908430218696594e-01,2.802532017230987549e-01,7.675445675849914551e-01,-7.270530611276626587e-02,-1.080283045768737793e+00,-1.033576011657714844e+00,5.140177607536315918e-01,-2.373347729444503784e-01,2.058772563934326172e+00,-4.999109208583831787e-01,7.289088368415832520e-01,-1.052404165267944336e+00,5.485419034957885742e-01,-1.983654618263244629e+00,-5.561621189117431641e-01,-1.847023814916610718e-01,1.244923114776611328e+00,-1.260751843452453613e+00,3.325766026973724365e-01,-2.093864679336547852e+00,2.091935873031616211e-01,-1.645171999931335449e+00,-1.164485216140747070e+00,9.862282872200012207e-01,4.967580437660217285e-01,-1.017080426216125488e+00,9.150179475545883179e-02,8.180013895034790039e-01,5.656892061233520508e-01,-1.437154531478881836e+00,1.676059722900390625e+00,-8.244534730911254883e-01,-1.194118618965148926e+00,-1.166616439819335938e+00,7.651813328266143799e-02,-7.014215588569641113e-01,-1.429150462150573730e+00,-2.140374183654785156e+00,-3.304076567292213440e-02,-1.164042279124259949e-01,1.226088047027587891e+00,-1.304575987160205841e-02,1.780843853950500488e+00,8.451188206672668457e-01,-3.857998549938201904e-02,-2.116443634033203125e+00,8.742088675498962402e-01,-1.784295439720153809e-01,-4.909608662128448486e-01,-7.384439706802368164e-01,5.332744717597961426e-01,1.596980690956115723e+00,3.614082932472229004e-01,3.769028186798095703e-01,1.270867466926574707e+00,3.425517082214355469e-01,-5.240100622177124023e-01,-4.125407338142395020e-01,-7.254185676574707031e-01,2.241792529821395874e-01,7.679709196090698242e-01,-2.334449291229248047e-01,-1.734883546829223633e+00,-1.453536003828048706e-01,8.457387089729309082e-01,5.428680181503295898e-01,1.902915686368942261e-01,8.143454790115356445e-01,1.115582227706909180e+00,-7.107844948768615723e-01,9.326419234275817871e-01
-9.902501106262207031e-01,6.421211361885070801e-01,8.818103671073913574e-01,7.761539518833160400e-02,7.443376779556274414e-01,-2.968948185443878174e-01,-3.002128191292285919e-02,1.065267845988273621e-01,2.537631750106811523e+00,-8.057571202516555786e-02,-1.217426896095275879e+00,5.464876890182495117e-01,-4.491193220019340515e-02,-2.212687879800796509e-01,-4.359119832515716553e-01,3.940070271492004395e-01,-7.189611792564392090e-01,-6.508441567420959473e-01,-2.374536752700805664e+00,9.464542865753173828e-01,1.026113510131835938e+00,-2.263431251049041748e-01,-1.356437087059020996e+00,-1.519962072372436523e+00,2.048789262771606445e+00,-3.156456351280212402e-01,-8.715502023696899414e-01,-1.526966691017150879e-01,9.812873005867004395e-01,9.541905522346496582e-01,2.435169517993927002e-01,3.683073818683624268e-01,7.731080055236816406e-01,-2.203461647033691406e+00,-3.085901439189910889e-01,-1.037893056869506836e+00,-1.384835004806518555e+00,-1.395317912101745605e-01,2.867120206356048584e-01,7.380934953689575195e-01,-9.949817657470703125e-01,-2.936248183250427246e-01,1.566323190927505493e-01,-1.641461849212646484e+00,5.094060301780700684e-01,5.334585905075073242e-01,9.791643023490905762e-01,1.267525404691696167e-01,-1.694777250289916992e+00,1.548117399215698242e-01,1.111254811286926270e+00,-7.068190574645996094e-01,3.788611888885498047e-01,-4.343903362751007080e-01,4.530449211597442627e-01,3.884821534156799316e-01,1.816774487495422363e+00,1.308108717203140259e-01,6.398277282714843750e-01,1.345470547676086426e+00,2.024241983890533447e-01,-1.090149044990539551e+00,8.870705366134643555e-01,1.876258492469787598e+00,1.037292957305908203e+00,2.513896942138671875e+00,8.101238608360290527e-01,-7.000268995761871338e-02,-8.324863314628601074e-01,-7.639682292938232422e-02,-1.675639271736145020e+00,-5.028797388076782227e-01,1.656203985214233398e+00,-4.055555760860443115e-01,7.558561563491821289e-01,2.939853668212890625e-01,-1.101932764053344727e+00,-1.507781505584716797e+00,-7.445815950632095337e-02,-1.415656685829162598e+00,1.716254353523254395e+00,1.864951133728027344e+00,1.229764103889465332e+00,-7.251464724540710449e-01,3.246438503265380859e-01,-3.153741359710693359e-02,-4.976616799831390381e-01,5.051528215408325195e-01,5.369377732276916504e-01,1.166619181632995605e+00,1.029837951064109802e-01,-7.590598464012145996e-01,-4.791402816772460938e-01,-1.100132539868354797e-01,5.078380107879638672e-01,-9.404904842376708984e-01,8.108033239841461182e-02,2.288591414690017700e-01,4.618000090122222900e-01,2.761727198958396912e-02,-3.500368297100067139e-01,-5.309621095657348633e-01,-1.579837322235107422e+00,-7.829605042934417725e-02,-2.210314035415649414e+00,-3.388800621032714844e-01,-1.992705836892127991e-02,-8.816330432891845703e-01,-1.328005313873291016e+00,4.482530653476715088e-01,-5.162619352340698242e-01,-1.121587634086608887e+00,1.000073909759521484e+00,2.840245068073272705e-01,2.480559945106506348e-01,-1.315597295761108398e-01,4.710519015789031982e-01,3.996423780918121338e-01,-4.803602993488311768e-01,6.842362135648727417e-02,-1.426912546157836914e+00,2.555456757545471191e-01,1.726309299468994141e+00,-3.528896570205688477e-01,5.654784440994262695e-01,-1.171823382377624512e+00,-1.599454760551452637e+00,-1.480792641639709473e+00,3.324991226196289062e+00,-7.021160721778869629e-01,5.025610923767089844e-01,-3.723099827766418457e-01,-3.552940487861633301e-02,2.714491635560989380e-02,1.194552659988403320e+00,3.324390053749084473e-01,1.941648870706558228e-01,-1.167729377746582031e+00,5.635110139846801758e-01,-1.143380880355834961e+00,4.934621155261993408e-01,3.032939434051513672e-01,4.151805341243743896e-01,1.925487816333770752e-01,-2.946639358997344971e-01,5.524443387985229492e-01,-1.089098281227052212e-03,-1.315910577774047852e+00,1.088748425245285034e-01,-1.146170020103454590e+00,-3.717392683029174805e-01,1.245744347572326660e+00,-1.026101946830749512e+00,6.628171205520629883e-01,-1.498810410499572754e+00,2.648864686489105225e-01,3.777426183223724365e-01,-8.689259290695190430e-01,1.995477639138698578e-02,-1.273258447647094727e+00,4.813232421875000000e-01,-8.746242523193359375e-01,1.732157111167907715e+00,-2.506923437118530273e+00,-1.194473028182983398e+00,-1.600748896598815918e+00,2.808291912078857422e-01,-9.592048525810241699e-01,-2.878991365432739258e-01,-2.935466468334197998e-01,-3.782562315464019775e-01,-6.831210851669311523e-01,-1.303902626037597656e+00,2.485372066497802734e+00,-1.505527924746274948e-02,-7.947857379913330078e-01,-6.154146790504455566e-02,2.378908246755599976e-01,1.059429794549942017e-01,9.558164477348327637e-01,-4.169446527957916260e-01,-5.298092365264892578e-01,2.087066322565078735e-01,-1.690105319023132324e+00,-1.340807676315307617e-01,2.690798640251159668e-01,-1.389456629753112793e+00,-9.523592591285705566e-01,-5.467187613248825073e-02,2.746016979217529297e-01,-4.906288981437683105e-01,-1.118320703506469727e+00,3.262833952903747559e-01,4.888429939746856689e-01,-2.345727920532226562e+00,1.260192632675170898e+00,5.024008750915527344e-01,3.030073046684265137e-01,7.026113271713256836e-01,-6.503016352653503418e-01
-2.072419375181198120e-01,1.103788614273071289e+00,1.279616355895996094e+00,6.181018352508544922e-01,-6.776311993598937988e-01,-1.894039511680603027e+00,1.837521314620971680e+00,-7.300339341163635254e-01,1.754764318466186523e+00,1.293984651565551758e+00,1.321781992912292480e+00,1.325360894203186035e+00,2.375973463058471680e+00,9.919692873954772949e-01,-1.214967131614685059e+00,7.692034244537353516e-01,-8.408212661743164062e-01,8.953518271446228027e-01,-3.909317553043365479e-01,1.053137660026550293e+00,5.469405055046081543e-01,-2.103205472230911255e-01,1.096660375595092773e+00,5.712857246398925781e-01,-6.300785541534423828e-01,1.738747000694274902e+00,-7.560182213783264160e-01,-6.857857704162597656e-01,3.644149005413055420e-01,1.562676787376403809e+00,5.660352110862731934e-01,3.755519688129425049e-01,-1.606814265251159668e+00,-5.501400232315063477e-01,1.066451311111450195e+00,-8.097969889640808105e-01,4.026474654674530029e-01,-1.662041425704956055e+00,1.746540904045104980e+00,1.059777379035949707e+00,-1.394026398658752441e+00,-1.977368444204330444e-01,1.395209789276123047e+00,5.128388404846191406e-01,1.576652646064758301e+00,-1.031309127807617188e+00,2.625023365020751953e+00,1.381629228591918945e+00,-4.884067773818969727e-01,-1.498131901025772095e-01,2.275652647018432617e+00,1.445202112197875977e+00,-8.188349008560180664e-02,1.110081315040588379e+00,8.839978575706481934e-01,-1.036320090293884277e+00,-2.016289234161376953e+00,4.717356860637664795e-01,1.075227260589599609e+00,6.894820369780063629e-03,8.125619292259216309e-01,-1.777653843164443970e-01,7.878921180963516235e-02,1.867618203163146973e+00,-9.483812376856803894e-03,-1.039175152778625488e+00,-5.273172259330749512e-01,1.326983124017715454e-01,1.024017453193664551e+00,-1.137999296188354492e+00,-6.572560071945190430e-01,4.545927345752716064e-01,1.433865904808044434e+00,8.020538091659545898e-01,1.994580507278442383e+00,7.756795287132263184e-01,4.768990874290466309e-01,5.872852206230163574e-01,-1.730101406574249268e-01,-5.370141267776489258e-01,6.619968414306640625e-01,-4.808795750141143799e-01,3.558111786842346191e-01,5.018671751022338867e-01,-4.006090164184570312e-01,-1.006733775138854980e+00,6.344064474105834961e-01,1.661493062973022461e+00,1.686978101730346680e+00,-8.486005663871765137e-01,-1.263596653938293457e+00,-2.255088090896606445e+00,-1.087362527847290039e+00,1.434218764305114746e+00,-9.680857658386230469e-01,-7.108439207077026367e-01,9.928374290466308594e-01,-1.001134216785430908e-01,-1.393021702766418457e+00,-2.557984888553619385e-01,-3.328567445278167725e-01,-7.667613029479980469e-01,-1.778854429721832275e-01,1.004740476608276367e+00,4.256460964679718018e-01,-1.402070641517639160e+00,-6.009590029716491699e-01,1.624203920364379883e+00,-2.450399100780487061e-01,1.616701841354370117e+00,-3.276228308677673340e-01,-7.447613477706909180e-01,2.877277135848999023e-01,1.034839749336242676e+00,-1.497316360473632812e+00,-5.577337741851806641e-01,3.629528582096099854e-01,-9.083918333053588867e-01,-1.128791689872741699e+00,-6.370545625686645508e-01,-1.345437645912170410e+00,7.105569243431091309e-01,8.342809677124023438e-01,3.448181450366973877e-01,-3.329378664493560791e-01,4.806075710803270340e-03,2.899636626243591309e-01,1.420822739601135254e+00,7.128155827522277832e-01,-1.188812732696533203e+00,-9.585391879081726074e-01,-1.047016978263854980e+00,2.348294258117675781e-01,-1.521789789199829102e+00,-8.779472112655639648e-01,8.563959002494812012e-01,-1.848981857299804688e+00,2.118895530700683594e+00,6.576048135757446289e-01,7.008026838302612305e-01,-2.703391909599304199e-01,-5.435665249824523926e-01,8.348650299012660980e-03,7.903681993484497070e-01,-2.214831113815307617e-01,-2.805039405822753906e+00,-6.058771014213562012e-01,-3.821235895156860352e-01,-2.384997904300689697e-01,-4.331412538886070251e-02,-2.086189948022365570e-02,1.006087303161621094e+00,1.429674029350280762e+00,1.316038846969604492e+00,2.963375747203826904e-01,-7.531540393829345703e-01,2.996059417724609375e+00,1.455676913261413574e+00,1.878600269556045532e-01,1.349604249000549316e+00,-1.407472193241119385e-01,1.936454176902770996e+00,3.425356149673461914e-01,6.141491532325744629e-01,1.395844459533691406e+00,-2.744122147560119629e-01,-9.231007695198059082e-01,-2.944146990776062012e-01,-1.001715753227472305e-02,1.308964490890502930e+00,-2.918885052204132080e-01,-4.236685037612915039e-01,-8.124554753303527832e-01,2.012444734573364258e+00,1.650623798370361328e+00,-2.128110639750957489e-02,-4.023122787475585938e-01,-6.596418470144271851e-02,-4.044240713119506836e-01,-9.788477420806884766e-02,3.149440586566925049e-01,-1.272823452949523926e+00,9.023666381835937500e-01,2.736140787601470947e-01,-1.956062167882919312e-01,5.798820853233337402e-01,1.615638472139835358e-02,-6.681508421897888184e-01,1.005942702293395996e+00,5.378396511077880859e-01,-2.262034893035888672e+00,1.194175362586975098e+00,7.943757772445678711e-01,-1.434743255376815796e-01,-1.340932697057723999e-01,5.015777945518493652e-01,9.604259133338928223e-01,-9.792305827140808105e-01,-6.946783065795898438e-01,-6.471741199493408203e-01
2.850542664527893066e-01,4.135273098945617676e-01,-1.451237797737121582e+00,-1.188068628311157227e+00,-1.097519993782043457e+00,1.613642424345016479e-01,-8.938022255897521973e-01,-4.347208440303802490e-01,-1.604372024536132812e+00,8.038032650947570801e-01,9.749518036842346191e-01,4.524802863597869873e-01,1.490342915058135986e-01,1.377215385437011719e-01,-1.122176289558410645e+00,1.638297677040100098e+00,5.511270165443420410e-01,-2.097786426544189453e+00,6.593711376190185547e-01,-6.393417716026306152e-03,-3.988737165927886963e-01,-1.214922666549682617e+00,2.747014462947845459e-01,6.378961205482482910e-01,4.018242359161376953e-01,-1.117148160934448242e+00,-1.359230577945709229e-01,1.023502230644226074e+00,2.374858856201171875e+00,4.129722714424133301e-02,2.423895448446273804e-01,-7.267954945564270020e-01,3.132232129573822021e-01,1.041380524635314941e+00,-6.399565339088439941e-01,4.140952602028846741e-02,-1.442040562629699707e+00,1.738313138484954834e-01,2.280699163675308228e-01,-4.330516979098320007e-02,-2.172018289566040039e+00,9.676592350006103516e-01,1.028282791376113892e-01,2.588099241256713867e-01,6.340125948190689087e-02,-7.516160607337951660e-01,-1.845280677080154419e-01,7.752054333686828613e-01,-4.350071251392364502e-01,1.200397729873657227e+00,-6.328605413436889648e-01,-5.726751089096069336e-01,4.054985046386718750e+00,-2.457183450460433960e-01,1.514345169067382812e+00,-7.449299693107604980e-01,-6.669271588325500488e-01,-3.025001883506774902e-01,-1.237231969833374023e+00,3.368983268737792969e-01,-6.333280801773071289e-01,1.707113742828369141e+00,-8.824505805969238281e-01,3.973370492458343506e-01,3.542146980762481689e-01,6.307983994483947754e-01,7.146117091178894043e-01,-1.484681248664855957e+00,-9.034384489059448242e-01,2.517921030521392822e-01,-1.300772547721862793e+00,1.615123450756072998e-01,-2.497705519199371338e-01,-2.023367136716842651e-01,1.096183419227600098e+00,7.925442457199096680e-01,6.787441372871398926e-01,1.391258597373962402e+00,-7.390439510345458984e-01,8.203673362731933594e-01,1.125179767608642578e+00,1.175513491034507751e-01,1.614155888557434082e+00,-6.753249764442443848e-01,-2.436053007841110229e-01,-7.087762355804443359e-01,-1.179574012756347656e+00,8.643901348114013672e-01,-1.010676622390747070e-01,4.716404974460601807e-01,2.032660990953445435e-01,-2.314713895320892334e-01,1.445415139198303223e+00,9.195865392684936523e-01,4.247558712959289551e-01,2.774896025657653809e-01,-6.661179065704345703e-01,1.974197387695312500e+00,1.252329111099243164e+00,1.787787556648254395e+00,-1.378980576992034912e-01,-1.228954792022705078e+00,6.233187913894653320e-01,5.804527997970581055e-01,-6.616919487714767456e-02,-5.904448684304952621e-03,2.254563331604003906e+00,1.439874291419982910e+00,-8.134157061576843262e-01,-5.188080072402954102e-01,1.274295330047607422e+00,-4.397329092025756836e-01,-2.941779196262359619e-01,7.768608927726745605e-01,1.152602791786193848e+00,1.633511632680892944e-01,1.573002934455871582e+00,-1.005894184112548828e+00,3.412728607654571533e-01,-1.531866550445556641e+00,1.655480027198791504e+00,-2.778596282005310059e-01,-1.152777791023254395e+00,-1.669578313827514648e+00,-1.073023200035095215e+00,4.499245584011077881e-01,3.973397016525268555e-01,-5.737199187278747559e-01,-5.416802763938903809e-01,1.105409264564514160e-01,-1.435276508331298828e+00,-8.179675936698913574e-01,-7.037367820739746094e-01,-3.430807217955589294e-02,1.834539651870727539e+00,-9.351674914360046387e-01,6.663066893815994263e-02,1.014332890510559082e+00,8.826935887336730957e-01,-2.750645875930786133e-01,-2.821883261203765869e-01,-1.284433245658874512e+00,1.940703868865966797e+00,3.262687325477600098e-01,-1.471154451370239258e+00,1.867481470108032227e+00,2.720053791999816895e-01,-2.076488971710205078e+00,8.222120404243469238e-01,1.112478971481323242e+00,2.841718792915344238e-01,1.339994430541992188e+00,-2.005356550216674805e+00,-7.500104308128356934e-01,1.132768630981445312e+00,-1.629141122102737427e-01,-1.538153171539306641e+00,-1.272512525320053101e-01,-1.847586408257484436e-02,-1.266755461692810059e+00,-2.561666488647460938e+00,4.994876980781555176e-01,-1.690325498580932617e+00,-8.553860187530517578e-01,1.044059991836547852e+00,6.751303672790527344e-01,-1.458207219839096069e-01,2.499229907989501953e-01,-1.004155516624450684e+00,3.162901997566223145e-01,-6.399999260902404785e-01,1.573277831077575684e+00,-8.848918080329895020e-01,5.501713752746582031e-01,6.042518019676208496e-01,7.148745656013488770e-01,1.379987597465515137e+00,1.311142683029174805e+00,2.245764732360839844e-01,6.928673386573791504e-01,5.013769268989562988e-01,-7.618999481201171875e-01,-5.867168307304382324e-01,-2.408181667327880859e+00,4.263559281826019287e-01,7.062214016914367676e-01,-1.735363960266113281e+00,3.578374981880187988e-01,9.027732014656066895e-01,1.834889888763427734e+00,3.271821141242980957e-01,7.542366385459899902e-01,1.450681805610656738e+00,1.649970710277557373e-01,2.447265982627868652e-01,-5.707917809486389160e-01,1.386494159698486328e+00,-9.334225058555603027e-01,-2.084961652755737305e+00,9.653788805007934570e-02
1.826190829277038574e+00,-7.521401643753051758e-01,-6.524397134780883789e-01,1.056185245513916016e+00,-7.037018984556198120e-02,-6.171960234642028809e-01,-7.465837001800537109e-01,-3.399011790752410889e-01,-1.529588818550109863e+00,1.232354760169982910e+00,4.849651753902435303e-01,5.859253406524658203e-01,3.751233816146850586e-01,6.460181474685668945e-01,-1.753136217594146729e-01,1.969830870628356934e+00,1.149255037307739258e-01,5.240885019302368164e-01,-1.282190233469009399e-01,3.952119648456573486e-01,-1.546397566795349121e+00,8.447663784027099609e-01,-2.314487993717193604e-01,-9.887728095054626465e-01,-2.280229806900024414e+00,7.410046458244323730e-02,-1.382831454277038574e+00,-8.493391871452331543e-01,2.399070411920547485e-01,3.577999174594879150e-01,5.373151972889900208e-02,1.550670146942138672e+00,-1.640160977840423584e-01,9.907031655311584473e-01,-8.548966050148010254e-01,1.667563021183013916e-01,-1.032121777534484863e-01,9.803102016448974609e-01,1.192771121859550476e-01,-3.922032415866851807e-01,-3.755832314491271973e-01,-7.982507944107055664e-01,-2.575012147426605225e-01,-3.573632836341857910e-01,9.671989083290100098e-01,-1.738519787788391113e+00,-2.437955439090728760e-01,-8.172662854194641113e-01,1.194188818335533142e-01,3.805789351463317871e-01,2.703560590744018555e+00,-1.639524400234222412e-01,1.757202029228210449e+00,3.357646465301513672e-01,-8.454658985137939453e-01,-1.850416064262390137e-01,1.350279211997985840e+00,9.785263985395431519e-02,-1.682137846946716309e-01,3.341154158115386963e-01,-3.873165547847747803e-01,2.852046489715576172e-01,9.765792638063430786e-02,9.807224869728088379e-01,3.319003432989120483e-02,7.604803442955017090e-01,1.010438725352287292e-01,1.371652960777282715e+00,-8.888754248619079590e-01,1.139007061719894409e-01,-1.577023983001708984e+00,-1.788006573915481567e-01,1.223239779472351074e+00,-4.757553339004516602e-01,-8.064813017845153809e-01,-1.071801781654357910e+00,1.353214025497436523e+00,-8.410857915878295898e-01,2.913799583911895752e-01,-7.678380012512207031e-01,1.322651840746402740e-02,4.039974808692932129e-01,-1.061388850212097168e+00,-7.142137885093688965e-01,5.901134014129638672e-01,3.520555794239044189e-01,-4.159211218357086182e-01,1.267983019351959229e-01,7.869349718093872070e-01,-2.542028427124023438e-01,-5.131915211677551270e-02,-1.191170573234558105e+00,8.876401185989379883e-01,6.290390342473983765e-02,8.301636576652526855e-02,-6.810459494590759277e-02,-1.434386730194091797e+00,-1.209787651896476746e-01,6.359184384346008301e-01,1.550927758216857910e-01,6.493357419967651367e-01,7.214145660400390625e-01,-9.869574904441833496e-01,-8.561684489250183105e-01,-3.725631833076477051e-01,4.753156602382659912e-01,3.794020712375640869e-01,-6.683101654052734375e-01,-8.164811730384826660e-01,3.697158098220825195e-01,8.809251785278320312e-01,5.550547838211059570e-01,-1.271595835685729980e+00,-6.899124383926391602e-01,-1.062411308288574219e+00,8.065424859523773193e-02,-9.666726589202880859e-01,-1.366948634386062622e-01,5.516209602355957031e-01,7.668243646621704102e-01,-1.195686936378479004e+00,4.929325729608535767e-02,-2.239303439855575562e-01,-6.310988664627075195e-01,-2.831856012344360352e-01,-7.906011939048767090e-01,1.631696224212646484e-01,-5.711095333099365234e-01,6.054909825325012207e-01,-4.267967119812965393e-02,-7.499095052480697632e-02,1.126141905784606934e+00,1.296200990676879883e+00,-1.128369718790054321e-01,-9.467766880989074707e-01,1.022354245185852051e+00,1.138446331024169922e+00,-1.027008891105651855e+00,-2.997352555394172668e-02,1.279062271118164062e+00,-1.584326863288879395e+00,-7.344570159912109375e-01,-8.064320683479309082e-01,-9.964532405138015747e-02,-1.080618262290954590e+00,-1.272844791412353516e+00,-9.350104331970214844e-01,6.648658514022827148e-01,8.080788254737854004e-01,5.842888355255126953e-01,9.064038991928100586e-01,6.359898447990417480e-01,-2.725937776267528534e-02,-2.379657924175262451e-01,1.077242970466613770e+00,6.335465908050537109e-01,-1.259456276893615723e-01,-1.431544184684753418e+00,4.515192508697509766e-01,7.550113797187805176e-01,-5.918228030204772949e-01,-1.959579437971115112e-01,9.300883114337921143e-02,-1.308152675628662109e-01,-1.408516407012939453e+00,-1.226670980453491211e+00,2.455086559057235718e-01,5.122951865196228027e-01,1.117387041449546814e-01,2.302417457103729248e-01,1.524427294731140137e+00,-1.776678264141082764e-01,-9.842022657394409180e-01,-6.513334810733795166e-02,-1.088407874107360840e+00,-8.060257434844970703e-01,1.182170629501342773e+00,-2.795145809650421143e-01,2.093359827995300293e-01,-2.196565717458724976e-01,3.516469299793243408e-01,8.303519487380981445e-01,1.129326596856117249e-01,8.005185127258300781e-01,-9.763275384902954102e-01,1.343102931976318359e+00,1.111414074897766113e+00,1.321701526641845703e+00,8.664819598197937012e-01,-1.218816265463829041e-01,4.974002242088317871e-01,-2.084727287292480469e-01,-5.705155730247497559e-01,-8.022699952125549316e-01,6.316559314727783203e-01,6.353532671928405762e-01,1.315473437309265137e+00,-4.931637048721313477e-01,-5.214912295341491699e-01,-5.107662081718444824e-01
7.137684822082519531e-01,-1.359572410583496094e+00,7.434577941894531250e-01,1.934181571006774902e+00,1.590218096971511841e-01,-9.276445508003234863e-01,-1.624608039855957031e+00,5.283044278621673584e-02,-1.402686715126037598e+00,9.810554981231689453e-01,4.783030450344085693e-01,3.004648387432098389e-01,1.685102820396423340e+00,1.073963791131973267e-01,-1.012352824211120605e+00,7.627773284912109375e-01,1.969474256038665771e-01,-5.821439623832702637e-01,1.762101292610168457e+00,-7.712268829345703125e-01,4.896433055400848389e-01,1.029615402221679688e+00,7.076263427734375000e-01,6.986120343208312988e-01,-6.655410528182983398e-01,-1.077185034751892090e+00,6.406913399696350098e-01,8.400834798812866211e-01,1.370583428069949150e-03,-1.040358543395996094e+00,-1.649923563003540039e+00,-6.684356331825256348e-01,1.128856062889099121e+00,1.660346150398254395e+00,-2.235951185226440430e+00,-6.078315973281860352e-01,8.456633687019348145e-01,6.880294680595397949e-01,-3.418295979499816895e-01,-1.158471778035163879e-02,-1.335700392723083496e+00,1.158549562096595764e-01,1.245318129658699036e-01,-1.190124750137329102e+00,-1.220685601234436035e+00,9.671729058027267456e-02,9.022806286811828613e-01,-2.474354952573776245e-01,-7.733432054519653320e-01,-6.638782620429992676e-01,-5.917374789714813232e-02,6.733354926109313965e-01,-1.684954285621643066e+00,-9.309302568435668945e-01,-3.684041202068328857e-01,2.990799427032470703e+00,-1.863317638635635376e-01,4.144800007343292236e-01,8.234162330627441406e-01,1.285479426383972168e+00,-1.948784664273262024e-02,3.247218728065490723e-01,1.923862695693969727e-01,-5.235366225242614746e-01,-3.578342199325561523e-01,2.493248283863067627e-01,-4.900317639112472534e-02,-6.731498837471008301e-01,1.105037704110145569e-01,-1.255165219306945801e+00,-1.439923167228698730e+00,-1.187356710433959961e+00,-2.132625341415405273e+00,-4.502035379409790039e-01,5.715141892433166504e-01,-1.576040625572204590e+00,-5.967659950256347656e-01,-7.611313462257385254e-01,1.040842294692993164e+00,3.698359429836273193e-01,-5.822411179542541504e-01,4.447349905967712402e-01,5.541724711656570435e-02,-5.695075914263725281e-02,9.470028281211853027e-01,-4.515464007854461670e-01,3.862903118133544922e-01,-1.717730164527893066e+00,2.977902650833129883e+00,9.244526028633117676e-01,1.487487196922302246e+00,-8.414138555526733398e-01,2.462537959218025208e-02,1.464514732360839844e+00,5.211789608001708984e-01,4.547275975346565247e-02,2.563720941543579102e-01,-1.262449502944946289e+00,-3.865404427051544189e-01,1.404633820056915283e-01,1.700433492660522461e+00,1.732849776744842529e-01,-2.132750004529953003e-01,-1.026156067848205566e+00,-2.399632453918457031e+00,-4.539122283458709717e-01,1.531900525093078613e+00,6.522017121315002441e-01,4.016883969306945801e-01,3.812609910964965820e-01,1.648093938827514648e+00,3.641200065612792969e-01,-7.776243686676025391e-01,6.036290526390075684e-01,7.152913808822631836e-01,-1.089730978012084961e+00,1.226584553718566895e+00,-3.097090423107147217e-01,1.180156588554382324e+00,6.383688449859619141e-01,1.077895909547805786e-01,-1.421764492988586426e+00,4.413731694221496582e-01,1.246630668640136719e+00,-1.253120541572570801e+00,-9.403935670852661133e-01,-1.841393113136291504e+00,-8.024037480354309082e-01,1.355536699295043945e+00,1.097804903984069824e+00,8.947229981422424316e-01,4.664266705513000488e-01,2.970930635929107666e-01,-7.423350960016250610e-02,1.707910448312759399e-01,1.096926569938659668e+00,-7.771099451929330826e-03,1.294784665107727051e+00,8.501988649368286133e-01,-2.470523267984390259e-01,1.943404674530029297e-01,-5.117861628532409668e-01,-4.752606451511383057e-01,2.293934345245361328e+00,1.068994164466857910e+00,-6.994912624359130859e-01,2.303693890571594238e-01,-9.283522367477416992e-01,1.020274162292480469e+00,-5.069843530654907227e-01,1.748377799987792969e+00,1.188242673873901367e+00,-1.606444716453552246e+00,-1.813726663589477539e+00,-7.172353863716125488e-01,-1.720606684684753418e-01,-1.140081286430358887e+00,-7.219098806381225586e-01,1.273328959941864014e-01,2.879200279712677002e-01,-8.049501478672027588e-02,-1.518869519233703613e+00,-1.100377440452575684e+00,1.048761457204818726e-01,2.192384004592895508e+00,2.129628658294677734e+00,-2.330423444509506226e-01,-1.368396878242492676e+00,-8.431366086006164551e-01,-1.515491247177124023e+00,-1.048143982887268066e+00,3.548779964447021484e+00,6.221818923950195312e-02,1.133266925811767578e+00,1.133755922317504883e+00,-1.243328928947448730e+00,2.199885062873363495e-02,-8.905610442161560059e-01,-9.441673755645751953e-01,-3.803166374564170837e-02,-2.589654624462127686e-01,2.313603639602661133e+00,-3.099404871463775635e-01,1.064610838890075684e+00,-4.900186955928802490e-01,-5.677642822265625000e-01,-5.361112952232360840e-01,-1.109602689743041992e+00,1.019928932189941406e+00,-1.275143623352050781e+00,9.681738913059234619e-02,9.802935123443603516e-01,-1.046607017517089844e+00,1.650181651115417480e+00,6.700089573860168457e-01,-1.019598722457885742e+00,-1.619786739349365234e+00,-1.422491192817687988e+00,-1.692613482475280762e+00,-1.316124916076660156e+00
3.925076425075531006e-01,7.330287694931030273e-01,2.666861414909362793e-01,-2.080377489328384399e-01,3.952315449714660645e-01,1.042726874351501465e+00,5.469653010368347168e-01,1.162558436393737793e+00,4.854856431484222412e-01,1.454773068428039551e+00,2.079430222511291504e-01,3.435618579387664795e-01,8.896848559379577637e-01,2.237350463867187500e+00,-1.015155076980590820e+00,-7.774412631988525391e-01,-1.149148225784301758e+00,5.212101340293884277e-01,-3.926161825656890869e-01,4.467163681983947754e-01,-1.044491291046142578e+00,7.676677107810974121e-01,8.207560777664184570e-01,5.960081219673156738e-01,1.003129407763481140e-01,1.694972276687622070e+00,4.981108754873275757e-02,-6.494982838630676270e-01,-1.637128353118896484e+00,-1.374179869890213013e-01,4.468276202678680420e-01,-3.580834567546844482e-01,1.340032219886779785e-01,5.710703134536743164e-01,-5.932060480117797852e-01,1.212773751467466354e-02,-1.934764087200164795e-01,-8.836161494255065918e-01,6.106489300727844238e-01,9.038127660751342773e-01,-2.174799293279647827e-01,3.070540726184844971e-02,-1.294429183006286621e+00,9.075108170509338379e-01,-5.987214446067810059e-01,7.161075249314308167e-03,-3.338523209095001221e-01,-1.005563378334045410e+00,-1.023159384727478027e+00,-6.006398424506187439e-02,-6.997768878936767578e-01,9.466189146041870117e-01,2.416061162948608398e-01,2.061251252889633179e-01,6.665706634521484375e-01,8.288503885269165039e-01,4.727362096309661865e-01,-4.132288694381713867e-01,-5.356391668319702148e-01,1.098932772874832153e-01,-1.429390668869018555e+00,-6.627233028411865234e-01,-5.440241694450378418e-01,-2.663691043853759766e-01,-4.977828562259674072e-01,-6.909206509590148926e-01,-6.873093843460083008e-01,-3.192591071128845215e-01,-6.975669264793395996e-01,-2.376562058925628662e-01,-1.056882023811340332e+00,-2.770161390304565430e+00,5.680230855941772461e-01,-1.338571548461914062e+00,2.099216915667057037e-03,2.060239017009735107e-01,1.053700089454650879e+00,1.064219355583190918e+00,3.015247732400894165e-02,-5.652014613151550293e-01,-6.657524704933166504e-01,-1.184538602828979492e-01,1.264016747474670410e+00,9.623362421989440918e-01,-6.112816333770751953e-01,1.710068702697753906e+00,-3.870144188404083252e-01,5.930753424763679504e-03,-1.693415045738220215e-01,5.297225117683410645e-01,1.772645264863967896e-01,1.940366268157958984e+00,-9.250976145267486572e-02,3.276274502277374268e-01,2.671083509922027588e-01,-3.841304779052734375e-01,-5.338206887245178223e-02,-1.646839529275894165e-01,-8.901024460792541504e-01,-1.250802874565124512e-01,-4.281195402145385742e-01,1.400619029998779297e+00,1.591879844665527344e+00,4.524246975779533386e-02,-1.476117670536041260e-01,6.669728755950927734e-01,-1.026286840438842773e+00,2.005067616701126099e-01,-1.352477908134460449e+00,-4.748125076293945312e-01,8.446040004491806030e-02,1.401534318923950195e+00,-6.801146268844604492e-02,-2.125598788261413574e-01,1.146582126617431641e+00,8.970837593078613281e-01,-4.176838397979736328e-01,-1.130109310150146484e+00,2.558271586894989014e-01,1.603006124496459961e-01,-1.382585287094116211e+00,8.306052088737487793e-01,5.194359421730041504e-01,3.606719672679901123e-01,9.455384314060211182e-02,-2.666956186294555664e-01,6.609550863504409790e-02,3.998097181320190430e-01,8.064272403717041016e-01,2.115100145339965820e+00,1.342330098152160645e+00,1.466365814208984375e+00,1.787749677896499634e-01,-1.359201431274414062e+00,5.413112044334411621e-01,2.385272234678268433e-01,5.725808441638946533e-02,8.073120117187500000e-01,4.778489172458648682e-01,8.937686085700988770e-01,-3.630001246929168701e-01,-6.829707622528076172e-01,1.054710000753402710e-01,-1.553855419158935547e+00,-1.266433119773864746e+00,-5.969352126121520996e-01,2.683352828025817871e-01,4.128308594226837158e-01,1.893125921487808228e-01,6.845784187316894531e-01,-3.557352423667907715e-01,-1.075875878334045410e+00,-1.950983643531799316e+00,-2.049322426319122314e-01,-1.082557559013366699e+00,-1.040524482727050781e+00,4.515438973903656006e-01,-1.204634785652160645e+00,2.628698945045471191e-01,-1.180615305900573730e+00,1.034924626350402832e+00,-8.577553927898406982e-02,1.283803343772888184e+00,-1.843081265687942505e-01,4.820537567138671875e-01,1.628048419952392578e+00,8.558924496173858643e-02,-7.083601355552673340e-01,2.387472867965698242e+00,-2.196001768112182617e+00,1.214987754821777344e+00,-4.583747386932373047e-01,-1.020071864128112793e+00,5.487311482429504395e-01,1.749541878700256348e+00,-1.440846640616655350e-02,1.408490072935819626e-02,7.959120869636535645e-01,1.329753100872039795e-01,-1.051291942596435547e+00,1.046484231948852539e+00,5.367769598960876465e-01,1.076116442680358887e+00,-8.213691711425781250e-01,1.524228930473327637e+00,-1.688246726989746094e+00,-1.662972211837768555e+00,-6.070688962936401367e-01,8.550440669059753418e-01,9.695217013359069824e-01,-2.159707844257354736e-01,8.469597101211547852e-01,-5.829674005508422852e-01,2.543366849422454834e-01,9.318382740020751953e-01,-3.153814077377319336e-01,1.805346727371215820e+00,-7.965739369392395020e-01,6.033045053482055664e-01,-1.729552984237670898e+00
4.267384111881256104e-01,-9.567828178405761719e-01,-1.185872554779052734e+00,-6.710942834615707397e-02,-2.954830527305603027e-01,5.590633153915405273e-01,4.359210729598999023e-01,-7.445141077041625977e-01,-3.232989609241485596e-01,-2.596652880311012268e-02,1.063548684120178223e+00,1.323000434786081314e-02,-9.724710583686828613e-01,-4.495412409305572510e-01,5.730745196342468262e-01,9.308823943138122559e-01,-5.838981866836547852e-01,9.217920303344726562e-01,-6.509303450584411621e-01,-7.845657467842102051e-01,-2.224290370941162109e+00,-5.383998155593872070e-01,-6.085341572761535645e-01,1.602622628211975098e+00,1.328815937042236328e+00,-1.004855513572692871e+00,-3.126722276210784912e-01,-1.914064288139343262e+00,1.841860115528106689e-01,7.737891077995300293e-01,-2.992205321788787842e-01,9.324786663055419922e-01,2.347407490015029907e-02,-1.521100044250488281e+00,1.361120939254760742e+00,4.081510901451110840e-01,3.383397161960601807e-01,-7.047818899154663086e-01,7.656332254409790039e-01,-1.130499392747879028e-01,2.752178907394409180e-01,-1.040745258331298828e+00,-6.632066369056701660e-01,-1.122258044779300690e-02,-2.638045251369476318e-01,-8.040292859077453613e-01,-1.195562034845352173e-01,1.340530961751937866e-01,1.054305911064147949e+00,-8.319806456565856934e-01,1.123260140419006348e+00,-1.569680809974670410e+00,9.566733837127685547e-01,8.396512866020202637e-01,6.156277656555175781e-01,-3.248335719108581543e-01,-1.177976846694946289e+00,8.587880432605743408e-02,-1.219438076019287109e+00,1.832710951566696167e-02,-7.409621477127075195e-01,3.283290147781372070e+00,1.450540184974670410e+00,-3.473905026912689209e-01,-2.206469297409057617e+00,-1.403999567031860352e+00,7.278403043746948242e-01,6.078834533691406250e-01,-1.135502457618713379e+00,1.643435955047607422e+00,9.151232838630676270e-01,-4.597751796245574951e-02,1.800119876861572266e+00,-2.293614447116851807e-01,-9.525140523910522461e-01,5.556414723396301270e-01,-8.844118118286132812e-01,3.264563158154487610e-03,-1.795886754989624023e+00,7.070472091436386108e-02,1.095837950706481934e+00,-1.186467528343200684e+00,-4.766906499862670898e-01,9.215062856674194336e-01,-2.064960718154907227e+00,-2.172877192497253418e-01,6.594607830047607422e-01,6.688491106033325195e-01,-3.536735475063323975e-02,8.107276558876037598e-01,1.564416289329528809e-01,2.376129627227783203e+00,1.268263339996337891e+00,-1.555994272232055664e+00,-4.385761320590972900e-01,-1.356695055961608887e+00,7.224772572517395020e-01,-3.983377516269683838e-01,-2.446223735809326172e+00,-9.698136448860168457e-01,-1.832816600799560547e+00,2.328955531120300293e-01,1.630653619766235352e+00,-2.735502004623413086e+00,1.139523267745971680e+00,-1.152522683143615723e+00,1.213279366493225098e+00,-5.510471463203430176e-01,-9.913879036903381348e-01,-3.026999533176422119e-01,5.827635154128074646e-02,6.886380314826965332e-01,-4.859452545642852783e-01,6.711120605468750000e-01,-8.408349752426147461e-01,1.058780401945114136e-01,1.348054528236389160e+00,2.309938147664070129e-02,4.733978509902954102e-01,7.851668000221252441e-01,-6.271829605102539062e-01,-1.136853814125061035e+00,-5.444891452789306641e-01,4.364771246910095215e-01,-3.018041551113128662e-01,7.452341914176940918e-01,5.052958130836486816e-01,4.296260774135589600e-01,-1.074796676635742188e+00,1.396797060966491699e+00,2.177906751632690430e+00,-5.797315835952758789e-01,-4.724042117595672607e-01,-1.006561756134033203e+00,4.417361915111541748e-01,4.657879471778869629e-01,9.051879644393920898e-01,-2.489262521266937256e-01,1.503456085920333862e-01,-9.719142317771911621e-01,-4.625837504863739014e-01,1.638941466808319092e-01,1.546173572540283203e+00,6.309311389923095703e-01,-8.962605893611907959e-02,-1.042007565498352051e+00,1.603102087974548340e+00,-5.075696706771850586e-01,1.430595040321350098e+00,-1.667656064033508301e+00,5.154255628585815430e-01,3.517188727855682373e-01,-6.167835593223571777e-01,3.813601285219192505e-02,1.140084028244018555e+00,2.341977834701538086e+00,8.966414928436279297e-01,-4.578919708728790283e-01,-8.501096963882446289e-01,-7.150953412055969238e-01,-1.180992051959037781e-01,9.315193891525268555e-01,5.511152744293212891e-01,4.831167161464691162e-01,1.172899961471557617e+00,6.255451440811157227e-01,-6.873510479927062988e-01,-1.606444835662841797e+00,-1.355383753776550293e+00,-1.243270039558410645e+00,1.575133562088012695e+00,-1.583212614059448242e+00,3.625127077102661133e-01,-5.129498243331909180e-01,2.658989429473876953e-01,-5.780118703842163086e-01,7.598252296447753906e-01,1.249166727066040039e-01,4.089053571224212646e-01,3.172806501388549805e-01,-1.384199857711791992e+00,-1.123628854751586914e+00,9.631255269050598145e-02,-1.293721914291381836e+00,-1.186102852225303650e-01,-2.736397683620452881e-01,-1.372590899467468262e+00,-8.622456192970275879e-01,-1.029529333114624023e+00,1.872404336929321289e+00,-1.028317689895629883e+00,-1.031454443931579590e+00,-1.506751924753189087e-01,1.065165758132934570e+00,1.436909794807434082e+00,-5.473915338516235352e-01,-4.242111146450042725e-01,1.271170735359191895e+00,1.073179960250854492e+00,-9.166389107704162598e-01
2.097709178924560547e+00,2.909460961818695068e-01,1.435477614402770996e+00,-1.302785515785217285e+00,-8.593103885650634766e-01,3.893781900405883789e-01,-2.940308451652526855e-01,1.024704217910766602e+00,-6.822697073221206665e-02,-1.651106357574462891e+00,-4.469293653964996338e-01,4.997738897800445557e-01,-1.095850586891174316e+00,7.791436910629272461e-01,-9.174391627311706543e-01,-1.019519567489624023e+00,1.179513812065124512e+00,-1.661941885948181152e+00,-1.009387612342834473e+00,-1.004312157630920410e+00,1.158254861831665039e+00,2.581534862518310547e+00,-8.129456043243408203e-01,-7.791183590888977051e-01,4.799094796180725098e-01,-8.830693960189819336e-01,-2.626911401748657227e-01,-5.712135434150695801e-01,-5.319031476974487305e-01,-4.797132909297943115e-01,1.345750242471694946e-01,-1.077096819877624512e+00,-9.094766378402709961e-01,-2.271316349506378174e-01,7.716878652572631836e-01,1.089505553245544434e+00,-5.625563263893127441e-01,-2.100040316581726074e-01,3.005914688110351562e-01,-9.789319634437561035e-01,6.625112891197204590e-01,-2.860018908977508545e-01,-7.416037917137145996e-01,8.702773451805114746e-01,-2.276770114898681641e+00,1.147527933120727539e+00,1.404769897460937500e+00,2.862754464149475098e-01,4.207367002964019775e-01,7.519404292106628418e-01,-5.445534586906433105e-01,1.007626205682754517e-01,1.428061842918395996e+00,-2.740991413593292236e-01,-1.151076436042785645e+00,-1.404329180717468262e+00,-3.984496593475341797e-01,-1.549952268600463867e+00,8.171290755271911621e-01,-1.136493086814880371e+00,7.714201211929321289e-01,-1.134828090667724609e+00,-5.439463257789611816e-01,1.175939679145812988e+00,-1.277849435806274414e+00,1.071847200393676758e+00,-6.023864746093750000e-01,1.239330410957336426e+00,7.967285811901092529e-03,-1.959522813558578491e-01,1.179729461669921875e+00,1.312306046485900879e+00,-1.580431818962097168e+00,-5.137119293212890625e-01,-9.665886759757995605e-01,-4.943912625312805176e-01,3.702952861785888672e-01,8.021905422210693359e-01,-1.480578422546386719e+00,-6.614822149276733398e-01,9.497725367546081543e-01,-1.059644073247909546e-01,-2.585674822330474854e-01,-1.577154040336608887e+00,2.910715103149414062e+00,-6.539686918258666992e-01,-5.831995010375976562e-01,1.788687705993652344e-01,6.094604730606079102e-01,-9.723643660545349121e-01,-2.768619358539581299e-01,8.616586327552795410e-01,-9.363958835601806641e-01,4.365293979644775391e-01,9.613575935363769531e-01,-1.177607893943786621e+00,-2.726026177406311035e-01,1.702510863542556763e-01,-8.509125709533691406e-01,-1.253452420234680176e+00,-5.428166985511779785e-01,2.960774600505828857e-01,-1.404491543769836426e+00,-4.211080446839332581e-02,-1.394683241844177246e+00,2.161298751831054688e+00,-4.961210191249847412e-01,1.288930892944335938e+00,-7.490297555923461914e-01,-1.782706856727600098e+00,1.283270865678787231e-01,1.405851364135742188e+00,-1.931787282228469849e-01,-1.001733541488647461e+00,-1.009722352027893066e+00,-1.058629751205444336e+00,-5.002211332321166992e-01,-1.346901416778564453e+00,-3.378507494926452637e-01,3.251648247241973877e-01,-3.916660249233245850e-01,-2.037062346935272217e-01,-5.683661103248596191e-01,1.139670610427856445e+00,3.971447423100471497e-02,1.118569731712341309e+00,2.033778876066207886e-01,-4.394011795520782471e-01,-6.397490501403808594e-01,-1.438362121582031250e+00,-1.114213347434997559e+00,-1.886068731546401978e-01,1.351279258728027344e+00,3.965236246585845947e-01,8.584163188934326172e-01,-2.602847576141357422e+00,-2.624526917934417725e-01,1.239122077822685242e-01,-1.373449563980102539e+00,2.363543987274169922e+00,2.182762473821640015e-01,7.790158987045288086e-01,-5.822438001632690430e-01,-2.859151959419250488e-01,1.229077056050300598e-01,1.421870827674865723e+00,-4.131828993558883667e-02,9.415627121925354004e-01,-2.188996672630310059e-01,1.046705126762390137e+00,2.808125019073486328e-01,-2.826310098171234131e-01,-5.938459634780883789e-01,-6.873659491539001465e-01,-8.897951841354370117e-01,5.625329017639160156e-01,-8.515253067016601562e-01,1.160355433821678162e-01,4.582852125167846680e-01,-7.774233222007751465e-01,3.710053861141204834e-01,-1.119936347007751465e+00,-6.510883569717407227e-01,2.808047831058502197e-01,4.815285205841064453e-01,6.614804267883300781e-01,-1.583377361297607422e+00,-2.354831248521804810e-02,7.785534262657165527e-01,9.406429529190063477e-01,2.992993831634521484e+00,1.763888120651245117e+00,-1.928555518388748169e-01,1.286494970321655273e+00,9.223832488059997559e-01,8.475869894027709961e-02,-3.439936935901641846e-01,-1.051560640335083008e+00,-6.607171297073364258e-01,1.446677803993225098e+00,-4.322020113468170166e-01,-1.029027938842773438e+00,-6.613924503326416016e-01,1.686556220054626465e+00,1.539363265037536621e-01,6.140896677970886230e-01,-1.244836330413818359e+00,-1.927701383829116821e-01,-2.377461940050125122e-01,8.219255506992340088e-02,4.770539402961730957e-01,2.287044763565063477e+00,-1.068466424942016602e+00,3.470566570758819580e-01,3.491339981555938721e-01,6.481677293777465820e-01,-3.073299825191497803e-01,-7.330890297889709473e-01,8.042374253273010254e-01,-8.588256239891052246e-01
1.589219093322753906e+00,-6.484088301658630371e-02,-5.477023720741271973e-01,-2.377125620841979980e-01,4.926017820835113525e-01,-4.188317656517028809e-01,-3.187674880027770996e-01,-5.469545125961303711e-01,-7.745280265808105469e-01,-1.205071330070495605e+00,-6.619946956634521484e-01,-3.960575461387634277e-01,-5.527677536010742188e-01,-2.419680356979370117e+00,1.012430563569068909e-01,-2.822973132133483887e-01,-7.738785743713378906e-01,1.395177602767944336e+00,1.540464401245117188e+00,7.528936266899108887e-01,1.549207806587219238e+00,-3.473125770688056946e-02,6.635531187057495117e-01,-1.267268180847167969e+00,3.688712716102600098e-01,1.539506077766418457e+00,8.085370659828186035e-01,2.037113457918167114e-01,2.204047515988349915e-02,-6.687744259834289551e-01,6.494663953781127930e-01,-7.287520766258239746e-01,-1.227012395858764648e+00,-8.184394836425781250e-01,-5.317689776420593262e-01,5.112109705805778503e-02,1.469797194004058838e-01,2.816772162914276123e-01,1.366735994815826416e-01,-2.457583844661712646e-01,-2.169226884841918945e+00,-9.007092714309692383e-01,3.166478574275970459e-01,-9.742944836616516113e-01,-7.511663436889648438e-01,-6.712274253368377686e-02,1.887588948011398315e-02,7.434075474739074707e-01,2.211514115333557129e-01,1.272269725799560547e+00,1.002903461456298828e+00,6.481919437646865845e-02,2.043229639530181885e-01,2.705273777246475220e-02,4.759028851985931396e-01,-4.915962219238281250e-01,6.004225611686706543e-01,1.151508092880249023e+00,-6.997408270835876465e-01,1.614898920059204102e+00,1.212500929832458496e+00,-7.746130228042602539e-01,-1.745138764381408691e+00,-1.015063300728797913e-01,5.127300024032592773e-01,4.953170120716094971e-01,-6.393103003501892090e-01,-2.248476266860961914e+00,9.714642763137817383e-01,4.063661098480224609e-01,8.396550416946411133e-01,6.243025064468383789e-01,-1.159315347671508789e+00,5.337268710136413574e-01,7.318878173828125000e-01,-2.197243422269821167e-01,-1.163701415061950684e+00,5.730492472648620605e-01,3.430868089199066162e-01,-2.537612318992614746e-01,-2.359058707952499390e-02,1.183362841606140137e+00,-3.733138442039489746e-01,-3.054210543632507324e-01,-5.412604808807373047e-01,-7.869296520948410034e-02,-4.782140851020812988e-01,-6.655918359756469727e-01,-3.423769772052764893e-01,-6.912923604249954224e-02,-3.179345726966857910e-01,1.645657539367675781e+00,8.402184396982192993e-02,1.498220413923263550e-01,-4.075747132301330566e-01,-6.609353423118591309e-01,-7.421814203262329102e-01,-3.574725687503814697e-01,1.383460879325866699e+00,1.186982035636901855e+00,1.674913614988327026e-01,1.472690582275390625e+00,1.068810582160949707e+00,3.273690938949584961e-01,4.852328598499298096e-01,-1.664473652839660645e+00,-7.533573508262634277e-01,-4.637118577957153320e-01,-7.422662377357482910e-01,2.257276773452758789e+00,7.169861793518066406e-01,2.582794241607189178e-02,3.980051875114440918e-01,7.801575660705566406e-01,-9.400778412818908691e-01,-3.961003124713897705e-01,-1.824148178100585938e+00,1.604394078254699707e+00,-4.507565200328826904e-01,-7.400173544883728027e-01,1.073930263519287109e+00,1.492837905883789062e+00,-6.305754184722900391e-01,1.948978938162326813e-02,-1.048938393592834473e+00,-5.273304879665374756e-02,7.226964235305786133e-01,-3.880685269832611084e-01,4.339259862899780273e-01,6.434591114521026611e-02,-4.960781335830688477e-01,-1.143580749630928040e-01,-1.392709612846374512e+00,-5.440469384193420410e-01,1.892581820487976074e+00,7.330083847045898438e-01,-1.706993877887725830e-01,-1.244390606880187988e+00,6.983528733253479004e-01,-1.106455564498901367e+00,-1.603740215301513672e+00,1.056705489754676819e-01,3.516037762165069580e-01,1.297379732131958008e+00,4.032012522220611572e-01,-6.039013620465993881e-03,5.233073234558105469e-01,1.800308674573898315e-01,-7.816395163536071777e-01,9.772413223981857300e-02,1.974597014486789703e-02,-6.776508688926696777e-01,6.552046537399291992e-01,-2.508793175220489502e-01,1.912416338920593262e+00,1.922378540039062500e-01,1.065233826637268066e+00,5.510788559913635254e-01,2.073337882757186890e-02,1.871771931648254395e+00,-1.384715795516967773e+00,-7.948119044303894043e-01,-1.952726244926452637e+00,2.200607061386108398e+00,2.497254908084869385e-01,1.021028161048889160e+00,-7.903754115104675293e-01,6.851802468299865723e-01,6.293966174125671387e-01,-9.792195558547973633e-01,7.861792445182800293e-01,-2.625836431980133057e-01,-2.135757505893707275e-01,3.346950411796569824e-01,1.467997312545776367e+00,5.054571628570556641e-01,-3.304814696311950684e-01,-2.269109189510345459e-01,-5.103955268859863281e-01,-8.591216802597045898e-01,-1.904018670320510864e-01,-1.149937391281127930e+00,5.767140388488769531e-01,-4.351682960987091064e-01,-1.984076648950576782e-01,1.693960651755332947e-02,-2.813724040985107422e+00,-7.983707636594772339e-02,-3.499202728271484375e-01,-1.602404713630676270e+00,5.291249752044677734e-01,4.349331855773925781e-01,-4.485869407653808594e-01,7.005058228969573975e-02,3.831690251827239990e-01,1.307926416397094727e+00,-6.213259100914001465e-01,2.810290157794952393e-01,-4.240635633468627930e-01,-1.362778067588806152e+00
-1.309045553207397461e+00,-6.384020447731018066e-01,-8.426622748374938965e-01,1.787017941474914551e+00,-4.073463976383209229e-01,1.565508842468261719e+00,1.206325054168701172e+00,1.330591589212417603e-01,1.536150813102722168e+00,-5.318622589111328125e-01,-2.111948281526565552e-01,-4.131118655204772949e-01,-1.245472505688667297e-01,-6.358735561370849609e-01,4.934619646519422531e-03,-3.789344727993011475e-01,4.201189875602722168e-01,-8.399998545646667480e-01,1.300799131393432617e+00,-1.770129948854446411e-01,3.561124578118324280e-02,1.831843733787536621e+00,-2.407824993133544922e+00,-1.548465967178344727e+00,-4.726229608058929443e-01,-2.513314962387084961e+00,-1.902269840240478516e+00,-2.322672128677368164e+00,-7.189686894416809082e-01,1.443522095680236816e+00,5.705162286758422852e-01,1.468310356140136719e+00,4.568992555141448975e-02,-5.025181174278259277e-01,-1.462707400321960449e+00,6.320190429687500000e-01,-9.887683987617492676e-01,-1.540769338607788086e-01,1.493730068206787109e+00,-9.226925373077392578e-01,9.519919157028198242e-01,-2.908592224121093750e-01,-2.340403348207473755e-01,-4.116322398185729980e-01,6.245425343513488770e-01,-3.303452730178833008e+00,-3.070224523544311523e+00,4.685995578765869141e-01,-4.976771771907806396e-01,1.988495707511901855e+00,-6.903432607650756836e-01,3.568326234817504883e-01,6.323150396347045898e-01,-7.924298048019409180e-01,-9.026073813438415527e-01,1.672521471977233887e+00,1.275372266769409180e+00,5.538756847381591797e-01,1.138546705245971680e+00,-7.679130434989929199e-01,1.552504897117614746e+00,4.434122741222381592e-01,1.141064643859863281e+00,-2.713860571384429932e-01,-4.995646476745605469e-01,3.954240977764129639e-01,1.179107427597045898e+00,-8.327393531799316406e-01,-1.804798126220703125e+00,1.197345256805419922e+00,2.469712495803833008e+00,-1.126193404197692871e+00,-1.143080353736877441e+00,1.774167716503143311e-01,4.320160448551177979e-01,-8.158655762672424316e-01,1.996525935828685760e-02,-1.210839986801147461e+00,-1.246002987027168274e-01,8.010454773902893066e-01,1.675090342760086060e-01,1.426059126853942871e+00,-1.728805899620056152e-01,4.567253589630126953e-01,2.095463424921035767e-01,-8.491686582565307617e-01,6.255989074707031250e-01,1.744505047798156738e+00,5.669839680194854736e-03,4.789536893367767334e-01,8.940117359161376953e-01,7.991464734077453613e-01,5.180878043174743652e-01,2.924043238162994385e-01,-3.112623095512390137e-01,2.149868488311767578e+00,1.929208397865295410e+00,6.460003852844238281e-01,1.171953529119491577e-01,-3.447090387344360352e-01,2.219997406005859375e+00,-2.402015216648578644e-02,9.460020661354064941e-01,-3.208718895912170410e-01,-1.153512373566627502e-01,-6.920823454856872559e-01,1.930340975522994995e-01,1.574425816535949707e+00,-8.400627374649047852e-01,7.318177819252014160e-01,1.535172224044799805e+00,-8.249612450599670410e-01,2.546021461486816406e+00,1.746153831481933594e-01,1.352572679519653320e+00,-1.047552704811096191e+00,1.155051141977310181e-01,-1.046710848808288574e+00,6.332553029060363770e-01,-1.489534974098205566e+00,-2.932342588901519775e-01,9.285640716552734375e-01,1.198107451200485229e-01,-7.638867497444152832e-01,1.898874640464782715e+00,5.241344571113586426e-01,-2.506741523742675781e+00,-1.548981517553329468e-01,-1.986577957868576050e-01,1.495406776666641235e-02,-6.723062992095947266e-01,-1.285952925682067871e+00,-1.732416033744812012e+00,-1.977761507034301758e+00,-1.963777065277099609e+00,1.328578710556030273e+00,3.786212503910064697e-01,-2.239628434181213379e-01,-8.807993531227111816e-01,-1.350984334945678711e+00,1.374875664710998535e+00,-3.155900835990905762e-01,9.672807902097702026e-02,-5.911430716514587402e-01,9.661964178085327148e-01,-4.333050847053527832e-01,1.058902025222778320e+00,-4.192090332508087158e-01,1.068704277276992798e-01,5.887352228164672852e-01,-1.620088338851928711e+00,1.618921756744384766e+00,-7.761267423629760742e-01,9.839781522750854492e-01,1.325485229492187500e+00,-1.638184309005737305e+00,9.886231422424316406e-01,-8.817649483680725098e-01,-9.514560103416442871e-01,-8.210324645042419434e-01,2.673187851905822754e-01,-1.400450915098190308e-01,-3.957936465740203857e-01,-4.721534252166748047e-01,1.209627747535705566e+00,-1.101131677627563477e+00,-2.757128477096557617e+00,-9.023908525705337524e-02,7.591254711151123047e-01,-1.503352075815200806e-01,2.894338965415954590e-01,-5.822759270668029785e-01,-1.066869258880615234e+00,2.258457802236080170e-02,-7.149502038955688477e-01,-4.587274491786956787e-01,-7.583559155464172363e-01,7.670243978500366211e-01,1.370888471603393555e+00,2.972772121429443359e+00,-1.751753211021423340e+00,1.168754100799560547e+00,1.772944331169128418e-01,1.791612029075622559e+00,5.397885441780090332e-01,5.178947448730468750e-01,1.032711982727050781e+00,-1.367902398109436035e+00,1.719637960195541382e-01,1.381974935531616211e+00,-4.699425399303436279e-01,1.074556484818458557e-01,8.175140023231506348e-01,1.270476579666137695e-01,-2.217389583587646484e+00,8.080972731113433838e-02,-9.985394477844238281e-01,-1.511555910110473633e+00,-7.288579344749450684e-01,1.276043415069580078e+00
-1.670145988464355469e-02,-7.697265744209289551e-01,3.048075675964355469e+00,-5.220247432589530945e-02,7.125368714332580566e-01,7.179542183876037598e-01,2.031336128711700439e-01,-1.884578764438629150e-01,-8.118472695350646973e-01,1.817767471075057983e-01,6.532452106475830078e-01,1.831800043582916260e-01,9.667749702930450439e-02,9.340506196022033691e-01,-6.491152048110961914e-01,7.032702565193176270e-01,-1.367486000061035156e+00,5.455353260040283203e-01,2.092908382415771484e+00,1.183694958686828613e+00,1.761050701141357422e+00,-7.359671592712402344e-01,-1.185116529464721680e+00,7.365043759346008301e-01,-5.993778109550476074e-01,3.814963996410369873e-01,-6.346122622489929199e-01,1.574989199638366699e+00,9.822325706481933594e-01,8.102267980575561523e-01,4.985513091087341309e-01,-1.062034130096435547e+00,-1.566933870315551758e+00,1.599177598953247070e+00,9.266769886016845703e-01,4.437483847141265869e-01,-2.188641279935836792e-01,2.471407055854797363e-01,-1.749395765364170074e-02,-9.975348412990570068e-02,3.959822952747344971e-01,-1.547162294387817383e+00,4.998520016670227051e-01,-9.912138581275939941e-01,-9.690659046173095703e-01,9.443467259407043457e-01,-3.150142133235931396e-01,-4.805715978145599365e-01,-1.979318022727966309e+00,-1.356385231018066406e+00,-4.799876213073730469e-01,-7.590607404708862305e-01,-6.613830924034118652e-01,-4.688234627246856689e-01,-1.510117411613464355e+00,1.296143651008605957e+00,-1.604750007390975952e-01,-7.342307567596435547e-01,9.807361364364624023e-01,5.454723238945007324e-01,1.318518519401550293e-01,-1.839738726615905762e+00,-1.565670847892761230e+00,7.531712055206298828e-01,1.897224426269531250e+00,2.179073810577392578e+00,8.002128005027770996e-01,1.290921330451965332e+00,-1.400854349136352539e+00,6.219652891159057617e-01,1.261824369430541992e+00,-2.180417776107788086e+00,1.160851001739501953e+00,-2.595290541648864746e-01,-1.227423325181007385e-01,1.629291415214538574e+00,6.440727710723876953e-01,-2.848855853080749512e-01,-9.837858676910400391e-01,6.863731145858764648e-01,1.354520440101623535e+00,-4.919692277908325195e-01,7.023002207279205322e-02,-2.101188153028488159e-01,9.531796574592590332e-01,2.742093503475189209e-01,3.356787189841270447e-02,4.620016515254974365e-01,8.363658189773559570e-01,-5.326054692268371582e-01,-1.185805559158325195e+00,-8.365325629711151123e-02,1.870819449424743652e+00,3.035853207111358643e-01,-1.166072264313697815e-01,-1.740986853837966919e-01,1.297043085098266602e+00,9.121574163436889648e-01,5.059857964515686035e-01,-6.502035260200500488e-01,-6.085101366043090820e-01,-1.810997128486633301e+00,1.089133858680725098e+00,9.259775280952453613e-01,6.237252950668334961e-01,-1.527699641883373260e-02,-1.085992336273193359e+00,7.325886487960815430e-01,4.081393182277679443e-01,-3.664211928844451904e-01,6.951054334640502930e-01,3.234073162078857422e+00,-1.187449216842651367e+00,8.975110054016113281e-01,6.283854246139526367e-01,-1.555420041084289551e+00,8.071583509445190430e-01,-5.577877759933471680e-01,-1.146776676177978516e+00,-1.099740505218505859e+00,-7.254598140716552734e-01,-3.654171824455261230e-01,-6.435805559158325195e-01,2.901978492736816406e-01,-1.505731105804443359e+00,9.338430762290954590e-01,2.348653078079223633e-01,-1.027242898941040039e+00,1.111147880554199219e+00,-1.239673137664794922e+00,-6.909412741661071777e-01,-5.528030991554260254e-01,1.359714627265930176e+00,-1.529577016830444336e+00,-6.959251761436462402e-01,-8.320086598396301270e-01,-6.974644064903259277e-01,-3.657142221927642822e-01,6.604049801826477051e-01,-3.778968453407287598e-01,1.136893987655639648e+00,1.651983559131622314e-01,-1.800905615091323853e-01,-5.499616861343383789e-01,1.216162204742431641e+00,1.982781589031219482e-01,5.261290669441223145e-01,9.810882061719894409e-02,-3.697820305824279785e-01,7.059779167175292969e-01,-9.843363761901855469e-01,-1.291776895523071289e+00,-8.153362274169921875e-01,1.767239809036254883e+00,1.643822491168975830e-01,-1.378529787063598633e+00,3.373297154903411865e-01,2.996642291545867920e-01,-1.877629876136779785e+00,3.765790536999702454e-02,-6.027680635452270508e-01,-4.679529666900634766e-01,-1.069385170936584473e+00,9.296610951423645020e-01,9.971759319305419922e-01,1.250829219818115234e+00,8.561029434204101562e-01,6.676430106163024902e-01,-1.249264001846313477e+00,-1.769616603851318359e-01,-7.330527901649475098e-01,1.283681631088256836e+00,-5.667500495910644531e-01,2.181532859802246094e+00,-4.748832583427429199e-01,-2.672355473041534424e-01,-1.213093400001525879e+00,-9.176346063613891602e-01,-1.062261581420898438e+00,-1.402930974960327148e+00,2.669036388397216797e+00,8.727548718452453613e-01,-2.601701617240905762e-01,1.136201143264770508e+00,-1.733569264411926270e+00,-1.555706143379211426e+00,-8.246147632598876953e-01,2.943991720676422119e-01,1.829325795173645020e+00,-5.903912186622619629e-01,7.200028300285339355e-01,5.673643350601196289e-01,-1.026225328445434570e+00,-1.511312246322631836e+00,-4.179570972919464111e-01,1.694467186927795410e+00,-2.449229717254638672e+00,-2.101291656494140625e+00,1.298053026199340820e+00,2.057935148477554321e-01
8.473650813102722168e-01,3.787220716476440430e-01,4.175042510032653809e-01,2.023612976074218750e+00,9.295281171798706055e-01,4.147701263427734375e-01,-9.775155037641525269e-02,-1.559474468231201172e+00,7.211303114891052246e-01,-1.074768975377082825e-01,2.746824324131011963e-01,-3.806729614734649658e-01,1.163821741938591003e-01,-1.711262017488479614e-01,-4.788923561573028564e-01,-8.676270842552185059e-01,-3.994147777557373047e-01,-9.347531944513320923e-02,-1.037225276231765747e-01,1.424002051353454590e+00,1.905022859573364258e+00,8.763114809989929199e-01,-1.456634163856506348e+00,-1.630278229713439941e+00,9.769326448440551758e-01,9.124211221933364868e-02,-8.491269350051879883e-01,-5.685525536537170410e-01,-1.715295612812042236e-01,-4.209010303020477295e-01,-8.902965188026428223e-01,1.266742348670959473e-01,-8.254836499691009521e-02,1.131545424461364746e+00,9.657821655273437500e-01,3.432388976216316223e-02,1.599760055541992188e-01,-5.242405533790588379e-01,2.090554952621459961e+00,-8.822422027587890625e-01,2.262687087059020996e-01,-8.805994391441345215e-01,-3.049508333206176758e-01,-7.890225946903228760e-02,-2.454072088003158569e-01,-1.093541860580444336e+00,5.428559184074401855e-01,-1.466579079627990723e+00,-2.325007766485214233e-01,-9.128313660621643066e-01,6.713315844535827637e-01,9.415315389633178711e-01,9.849364161491394043e-01,-1.245319619774818420e-01,-1.872641682624816895e+00,1.263146519660949707e+00,2.657665908336639404e-01,-8.460304141044616699e-01,7.609949707984924316e-01,6.049514412879943848e-01,-4.281382858753204346e-01,-5.100870132446289062e-02,-5.386995673179626465e-01,-4.877705872058868408e-01,6.195878982543945312e-01,1.834114313125610352e+00,3.795324563980102539e-01,5.141089111566543579e-02,5.648990273475646973e-01,2.418571710586547852e+00,6.042350456118583679e-02,-4.694284498691558838e-01,2.266749143600463867e-01,1.542266368865966797e+00,-8.493188023567199707e-01,7.921541333198547363e-01,-6.365401148796081543e-01,-7.336421012878417969e-01,-1.237281799316406250e+00,3.314406871795654297e-01,3.928918838500976562e-01,2.151974737644195557e-01,6.903120279312133789e-01,1.765391707420349121e+00,2.026292562484741211e+00,8.380789160728454590e-01,2.813078761100769043e-01,-3.151762187480926514e-01,8.307901620864868164e-01,1.080488801002502441e+00,2.016381978988647461e+00,-8.094332218170166016e-01,8.493334650993347168e-01,2.320711016654968262e-01,-2.640876770019531250e-01,-8.226061612367630005e-02,-1.277732849121093750e+00,8.226103782653808594e-01,-2.798621952533721924e-01,1.340862274169921875e+00,1.629373908042907715e+00,2.140757143497467041e-01,3.879074752330780029e-01,-3.674572333693504333e-02,2.002384424209594727e+00,1.099867939949035645e+00,8.985517621040344238e-01,-2.356278896331787109e-01,7.255727648735046387e-01,1.687144517898559570e+00,-1.288634300231933594e+00,5.871976613998413086e-01,1.782265663146972656e+00,9.246006011962890625e-01,-1.399311065673828125e+00,1.122953414916992188e+00,2.247982025146484375e-01,-7.817875742912292480e-01,-1.026767611503601074e+00,-3.626786470413208008e-01,-1.796308755874633789e-01,1.690862178802490234e-01,8.176453411579132080e-02,1.181119680404663086e+00,2.938619852066040039e-01,-6.774836033582687378e-02,5.408290773630142212e-02,3.317144811153411865e-01,1.053745985031127930e+00,-6.925384402275085449e-01,9.734145402908325195e-01,-6.948656588792800903e-02,2.555545806884765625e+00,-1.029689192771911621e+00,1.189617291092872620e-01,8.626179099082946777e-01,-1.081861376762390137e+00,8.166033625602722168e-01,-2.872690744698047638e-02,-7.613507509231567383e-01,5.600830912590026855e-01,1.317614614963531494e-01,1.114259481430053711e+00,3.173881471157073975e-01,-1.323435425758361816e+00,-1.915390044450759888e-01,8.000707030296325684e-01,1.182665944099426270e+00,-7.060112953186035156e-01,8.037644624710083008e-01,-2.196294665336608887e-01,1.842122711241245270e-02,9.510453343391418457e-01,-1.862135827541351318e-01,-6.797617673873901367e-01,2.368033826351165771e-01,5.068408250808715820e-01,1.373960614204406738e+00,-2.944422662258148193e-01,7.709263563156127930e-01,1.206822872161865234e+00,-4.118391871452331543e-01,-7.105015516281127930e-01,-8.318620920181274414e-01,-1.086773633956909180e+00,5.093850493431091309e-01,4.474932849407196045e-01,1.091647863388061523e+00,2.490713894367218018e-01,7.647935152053833008e-01,-6.559714078903198242e-01,-1.880968689918518066e+00,9.065752029418945312e-01,-7.922700643539428711e-01,1.719710111618041992e+00,-4.836255311965942383e-01,7.397673130035400391e-01,-6.189715266227722168e-01,-6.171244382858276367e-01,-8.012638092041015625e-01,-2.454185932874679565e-01,6.660166382789611816e-01,-9.109207391738891602e-01,-7.440893054008483887e-01,1.240115761756896973e+00,8.584101796150207520e-01,-1.179880380630493164e+00,-1.329198360443115234e+00,-1.509217619895935059e+00,-7.133063077926635742e-01,-8.437691330909729004e-01,3.682565987110137939e-01,-7.062998414039611816e-01,1.247002005577087402e+00,5.169671773910522461e-01,8.321378827095031738e-01,-1.503697872161865234e+00,-5.703908801078796387e-01,5.540089607238769531e-01,5.812518000602722168e-01
-2.589931011199951172e+00,1.020572662353515625e+00,-6.823732852935791016e-01,6.015510559082031250e-01,2.830462716519832611e-02,1.084216237068176270e+00,-7.608473896980285645e-01,-1.101259112358093262e+00,-5.305920839309692383e-01,1.168390037491917610e-03,9.020851254463195801e-01,5.815996229648590088e-02,-2.006768882274627686e-01,-7.143197059631347656e-01,-7.599994540214538574e-01,-6.959717869758605957e-01,-9.670414924621582031e-01,-1.814974397420883179e-01,9.907600283622741699e-01,2.295043945312500000e+00,-7.437791824340820312e-01,-7.293413579463958740e-02,-1.805172711610794067e-01,-1.937194347381591797e+00,7.203465104103088379e-01,-1.036288261413574219e+00,-2.153882384300231934e-01,4.018771052360534668e-01,5.327164530754089355e-01,-8.031395077705383301e-01,6.945881843566894531e-01,-8.494725227355957031e-01,-2.864104807376861572e-01,-5.953752994537353516e-01,-2.227723300457000732e-01,3.833441734313964844e-01,1.927554421126842499e-02,1.176277756690979004e+00,-1.529838889837265015e-03,-4.827273190021514893e-01,-1.542343258857727051e+00,2.697944939136505127e-01,4.895383119583129883e-01,-4.273309707641601562e-01,1.188066840171813965e+00,1.736202001571655273e+00,5.537599921226501465e-01,-3.516061604022979736e-01,-1.302131295204162598e+00,-1.097083806991577148e+00,-2.149831801652908325e-01,-3.982365503907203674e-02,2.324900925159454346e-01,1.547644138336181641e+00,-1.827508687973022461e+00,-8.425746858119964600e-02,8.719539642333984375e-01,4.484901726245880127e-01,-1.417828083038330078e+00,-1.073836922645568848e+00,1.263778358697891235e-01,-1.863457441329956055e+00,-2.827254235744476318e-01,-1.097998380661010742e+00,-3.378796875476837158e-01,9.836446642875671387e-01,-1.637224316596984863e+00,-2.858364284038543701e-01,5.524454712867736816e-01,3.371903002262115479e-01,-2.041332423686981201e-01,-1.296024955809116364e-02,-6.260268390178680420e-02,4.384294152259826660e-01,-1.197304964065551758e+00,1.552505016326904297e+00,-2.328717708587646484e-01,1.888941228389739990e-01,-7.315720915794372559e-01,-1.041228771209716797e+00,-1.361660242080688477e+00,1.013009309768676758e+00,5.353778600692749023e-01,1.819373488426208496e+00,5.362647771835327148e-01,-1.262416481971740723e+00,-3.211987614631652832e-01,-3.427553474903106689e-01,5.047715902328491211e-01,-8.052845597267150879e-01,-7.131012529134750366e-02,1.735278010368347168e+00,1.960937142372131348e+00,4.071909487247467041e-01,2.180016040802001953e+00,9.775823354721069336e-01,-5.545199662446975708e-02,3.093570172786712646e-01,1.000326395034790039e+00,1.545350253582000732e-01,3.178401708602905273e+00,1.333703756332397461e+00,-6.670716404914855957e-01,-1.817579269409179688e+00,3.059229850769042969e-01,-7.396318912506103516e-01,9.894397109746932983e-02,-1.194490343332290649e-01,-1.877138763666152954e-01,-7.404173612594604492e-01,-2.837906219065189362e-02,-3.935226798057556152e-01,-9.978103637695312500e-01,-9.842661023139953613e-01,-5.258005261421203613e-01,-2.983510196208953857e-01,-3.868526220321655273e-02,-1.399601548910140991e-01,-2.939797639846801758e-01,-6.032739877700805664e-01,-2.506626129150390625e+00,1.166054368019104004e+00,1.089436054229736328e+00,-5.148065686225891113e-01,1.765197992324829102e+00,-2.025776952505111694e-01,-4.894660413265228271e-01,1.297594428062438965e+00,-2.178383767604827881e-01,2.634550631046295166e-01,-1.467554330825805664e+00,4.540684819221496582e-01,-3.553620874881744385e-01,1.171071052551269531e+00,-1.660219907760620117e+00,9.953463077545166016e-01,-5.224739909172058105e-01,-1.162668824195861816e+00,-9.621717333793640137e-01,1.140844464302062988e+00,8.686949014663696289e-01,4.824607372283935547e-01,9.534425139427185059e-01,5.889158248901367188e-01,6.637776494026184082e-01,2.132175445556640625e+00,-2.577558457851409912e-01,-4.518998265266418457e-01,1.820632219314575195e-01,1.572197437286376953e+00,1.159836769104003906e+00,-2.552627563476562500e+00,1.150791287422180176e+00,-9.372354149818420410e-01,-3.481480181217193604e-01,-9.570456147193908691e-01,-1.228692084550857544e-01,2.058528596535325050e-03,-1.067815542221069336e+00,-1.368127107620239258e+00,3.107587099075317383e-01,6.600937247276306152e-01,-2.375911623239517212e-01,1.962465524673461914e+00,7.288128733634948730e-01,1.661922216415405273e+00,-3.880315423011779785e-01,5.312450528144836426e-01,-2.435646772384643555e+00,-3.266115784645080566e-01,-6.055821180343627930e-01,-5.846660137176513672e-01,-1.009922623634338379e+00,4.264192879199981689e-01,1.152928769588470459e-01,1.222524419426918030e-01,4.635879993438720703e-01,6.695570945739746094e-01,-8.925544619560241699e-01,2.066428422927856445e+00,5.419185161590576172e-01,-4.871452972292900085e-02,-1.736978292465209961e-01,-4.585587382316589355e-01,-7.715517282485961914e-02,-1.224094629287719727e+00,9.526983499526977539e-01,1.346793770790100098e-01,2.172764576971530914e-02,1.766772150993347168e+00,-1.060953140258789062e+00,-2.128912359476089478e-01,1.811244368553161621e+00,3.432680964469909668e-01,-2.463604509830474854e-01,-1.524844616651535034e-01,-1.209159612655639648e+00,-3.049944639205932617e-01,5.516288876533508301e-01,-1.019902229309082031e+00
4.183176755905151367e-01,5.777507424354553223e-01,-1.352176785469055176e+00,-2.236036300659179688e+00,-3.437718609347939491e-03,1.032770395278930664e+00,-1.020430207252502441e+00,4.970314502716064453e-01,-5.844693183898925781e-01,-1.222756430506706238e-01,1.343510985374450684e+00,-1.254258871078491211e+00,-1.645081639289855957e-01,-2.021341800689697266e+00,7.380917072296142578e-01,-1.397597551345825195e+00,1.118255257606506348e+00,-1.561276078224182129e+00,-4.571782052516937256e-01,-1.157334223389625549e-01,-1.706967502832412720e-01,-5.043951421976089478e-02,-6.211977601051330566e-01,-1.637065649032592773e+00,1.478014707565307617e+00,1.240909934043884277e+00,-2.818452715873718262e-01,3.333218097686767578e-01,-1.364351630210876465e+00,5.379176139831542969e-01,1.295662760734558105e+00,2.217784404754638672e+00,8.247690796852111816e-01,5.580843612551689148e-02,1.847284078598022461e+00,-4.476147703826427460e-03,5.058096139691770077e-04,-3.819366395473480225e-01,-3.758621811866760254e-01,2.701415121555328369e-01,-1.497714638710021973e+00,7.770596742630004883e-01,-5.023801326751708984e-01,-5.887747555971145630e-02,1.335206508636474609e+00,5.408734083175659180e-01,-1.019276142120361328e+00,1.381857246160507202e-01,-2.231435775756835938e-01,1.108399629592895508e+00,5.233980417251586914e-01,5.602556467056274414e-01,-1.757267236709594727e+00,3.531326651573181152e-01,5.948559641838073730e-01,-1.741738677024841309e+00,1.189416572451591492e-01,-1.017363183200359344e-02,1.336500346660614014e-01,1.281649917364120483e-01,5.634806305170059204e-02,-1.569951772689819336e+00,5.400964021682739258e-01,-1.334428429603576660e+00,-2.825687527656555176e-01,2.763841152191162109e-01,5.314119458198547363e-01,-3.359487950801849365e-01,-1.833013057708740234e+00,1.268670082092285156e+00,1.059347391128540039e+00,-4.340681433677673340e-01,-4.416310191154479980e-01,-2.934659421443939209e-01,7.019421458244323730e-01,6.819526851177215576e-02,1.894224643707275391e+00,5.453563928604125977e-01,9.710405766963958740e-02,-8.332000374794006348e-01,6.297669410705566406e-01,-1.565688550472259521e-01,-7.242620587348937988e-01,1.108312368392944336e+00,1.488056629896163940e-01,-1.226718068122863770e+00,-1.539869308471679688e+00,2.598996877670288086e+00,-1.485521316528320312e+00,5.671939253807067871e-01,3.974398076534271240e-01,4.272913336753845215e-01,-1.635132431983947754e-01,-3.272087574005126953e-01,-8.530904054641723633e-01,5.560426115989685059e-01,9.362221956253051758e-01,5.884562730789184570e-01,-6.560278683900833130e-02,1.541343033313751221e-01,-5.051245093345642090e-01,7.095421552658081055e-01,2.515229955315589905e-02,-2.423076629638671875e+00,-7.703115046024322510e-02,-7.658632099628448486e-02,-1.500173807144165039e+00,-1.020772933959960938e+00,-1.553447365760803223e+00,-2.570864856243133545e-01,-5.698987245559692383e-01,1.435307264328002930e+00,1.760506153106689453e+00,2.969315052032470703e-01,-5.190526843070983887e-01,-3.515376448631286621e-01,1.367915749549865723e+00,1.014145374298095703e+00,-1.712536662817001343e-01,-1.681549102067947388e-01,-5.080914497375488281e-01,4.579538404941558838e-01,-4.990912675857543945e-01,9.419285058975219727e-01,-1.259564638137817383e+00,1.394367814064025879e+00,-7.703616023063659668e-01,-2.127510905265808105e-01,6.955185532569885254e-01,1.812014877796173096e-01,-1.392895936965942383e+00,1.708306312561035156e+00,2.939851582050323486e-01,1.588344693183898926e+00,-3.415100872516632080e-01,-1.622473955154418945e+00,7.315693497657775879e-01,7.373478412628173828e-01,-4.936863481998443604e-01,-2.491315081715583801e-02,4.648408293724060059e-01,-1.055069684982299805e+00,1.514039933681488037e-01,-2.946466684341430664e+00,1.197707772254943848e+00,-1.176967978477478027e+00,1.216722577810287476e-01,4.628657400608062744e-01,-4.801882505416870117e-01,-1.853153854608535767e-01,3.055841326713562012e-01,-1.784830570220947266e+00,6.460659950971603394e-02,1.388244628906250000e+00,-1.572516560554504395e-01,2.448754012584686279e-01,2.286988973617553711e+00,4.939647391438484192e-02,1.498786926269531250e+00,-6.483836770057678223e-01,3.272782266139984131e-02,-1.356745600700378418e+00,4.684839844703674316e-01,9.861177206039428711e-02,-4.650925397872924805e-01,-1.019089147448539734e-01,-1.970160752534866333e-01,1.648971796035766602e+00,3.300265669822692871e-01,8.549723029136657715e-01,-5.926190614700317383e-01,1.043745994567871094e+00,-3.651248216629028320e-01,-7.693315148353576660e-01,3.016989827156066895e-01,3.758672773838043213e-01,1.077318549156188965e+00,-8.122916817665100098e-01,-1.085792899131774902e+00,-1.121710658073425293e+00,1.076878309249877930e+00,-5.390810370445251465e-01,5.098564624786376953e-01,-1.849199175834655762e+00,-2.989743351936340332e-01,-1.017362475395202637e+00,-8.789585232734680176e-01,-7.444791197776794434e-01,2.168550014495849609e+00,-5.564959049224853516e-01,1.378650814294815063e-01,-5.380421876907348633e-01,2.144593745470046997e-01,-1.416471362113952637e+00,-2.392361640930175781e+00,-8.070074319839477539e-01,-1.186138391494750977e-01,1.538476049900054932e-01,4.238680303096771240e-01,4.804369807243347168e-01
9.393830299377441406e-01,5.555023550987243652e-01,-1.852412939071655273e+00,-2.378713488578796387e-01,1.375655055046081543e+00,-1.281612813472747803e-01,8.670346140861511230e-01,4.525162875652313232e-01,7.035275101661682129e-01,-3.552415966987609863e-01,3.164574801921844482e-01,1.043015122413635254e+00,-2.209776639938354492e+00,1.556332945823669434e+00,-1.081883549690246582e+00,1.368967771530151367e+00,-1.615707725286483765e-01,-1.703646928071975708e-01,-1.014960035681724548e-01,1.509597659111022949e+00,-1.544174432754516602e+00,-3.322503268718719482e-01,-1.779711365699768066e+00,-3.132230639457702637e-01,3.555833399295806885e-01,3.072717189788818359e-01,-5.845864415168762207e-01,-2.195175178349018097e-02,1.693422675132751465e+00,-6.871233582496643066e-01,3.657434582710266113e-01,-1.040115475654602051e+00,2.648325860500335693e-01,7.916987538337707520e-01,5.014094710350036621e-01,5.069448947906494141e-01,1.172713160514831543e+00,-3.329834342002868652e-01,1.857183426618576050e-01,1.007371425628662109e+00,-1.310815930366516113e+00,-1.628925442695617676e+00,4.930642843246459961e-01,1.006458163261413574e+00,-1.430677652359008789e+00,1.049936488270759583e-01,1.822827339172363281e+00,-3.805425763130187988e-02,-1.084655523300170898e+00,4.006578624248504639e-01,-8.982679247856140137e-01,-1.348068118095397949e-01,1.295465946197509766e+00,-3.334484398365020752e-01,-1.033925533294677734e+00,4.033293724060058594e-01,-8.948751091957092285e-01,6.288334727287292480e-01,9.212846159934997559e-01,1.115803718566894531e-01,-1.040150284767150879e+00,1.242334485054016113e+00,2.185925960540771484e+00,1.277353763580322266e+00,-9.569465517997741699e-01,-3.615099191665649414e-01,-1.363194704055786133e+00,-1.401236176490783691e+00,5.002067089080810547e-01,9.186097979545593262e-01,1.595115423202514648e+00,-5.621318817138671875e-01,2.474085427820682526e-02,-2.473120540380477905e-01,1.428195238113403320e+00,5.013234615325927734e-01,5.573781090788543224e-04,5.029867216944694519e-02,-8.740379214286804199e-01,-4.317674636840820312e-01,-1.913297772407531738e-01,1.664825230836868286e-01,-4.244101047515869141e-01,3.655872642993927002e-01,1.223802089691162109e+00,6.048926711082458496e-01,1.102344632148742676e+00,7.991004586219787598e-01,1.455608010292053223e+00,-6.909959316253662109e-01,-1.311375617980957031e+00,1.401856064796447754e+00,7.131919860839843750e-01,2.877158224582672119e-01,-4.212662205100059509e-02,-5.431721210479736328e-01,4.379796981811523438e-01,-8.725036978721618652e-01,3.062376379966735840e-01,-6.094725728034973145e-01,-1.467707633972167969e+00,-1.705872863531112671e-01,-1.842391848564147949e+00,1.792287945747375488e+00,-1.706645637750625610e-01,1.025266408920288086e+00,-1.775255352258682251e-01,1.329646348953247070e+00,-2.130893059074878693e-02,-4.760741442441940308e-02,1.098098754882812500e+00,-1.548999428749084473e+00,7.955592870712280273e-02,1.614177376031875610e-01,-3.788975477218627930e-01,5.588613152503967285e-01,-9.779748916625976562e-01,1.635920286178588867e+00,-1.019495606422424316e+00,2.963154017925262451e-01,-3.249945640563964844e-01,9.094175696372985840e-01,-9.748927354812622070e-01,-1.497285842895507812e+00,8.467034697532653809e-01,4.815524816513061523e-01,-1.801338195800781250e+00,-2.863968312740325928e-01,1.287234783172607422e+00,-4.180439114570617676e-01,2.870738804340362549e-01,3.838529586791992188e-01,-3.793116807937622070e-01,-6.000739336013793945e-01,-2.200032770633697510e-01,-4.057448506355285645e-01,-8.317957520484924316e-01,-1.736569106578826904e-01,2.595656216144561768e-01,8.528370261192321777e-01,-5.618138909339904785e-01,-5.642388463020324707e-01,-3.282131850719451904e-01,7.048586606979370117e-01,5.577685832977294922e-01,1.107323408126831055e+00,5.427738428115844727e-01,6.333578824996948242e-01,-4.444297254085540771e-01,5.176991820335388184e-01,-3.624155223369598389e-01,9.529173970222473145e-01,-1.986960768699645996e-01,-4.753996133804321289e-01,-2.834502756595611572e-01,-5.042840242385864258e-01,7.259551882743835449e-01,-8.041844964027404785e-01,2.819665707647800446e-02,1.887623965740203857e-01,-4.359249770641326904e-02,-1.231958389282226562e+00,1.804433465003967285e+00,3.068166971206665039e-01,-2.735488116741180420e-01,-8.276901841163635254e-01,5.502660274505615234e-01,1.364126652479171753e-01,-5.528969168663024902e-01,-1.021166205406188965e+00,1.915256977081298828e-01,1.117082595825195312e+00,-1.525150537490844727e+00,1.244585514068603516e+00,5.539599061012268066e-01,-1.360371112823486328e+00,-4.359104931354522705e-01,-7.979376912117004395e-01,8.566766977310180664e-01,-1.087677553296089172e-01,-3.215810060501098633e-01,-1.062697649002075195e+00,-9.018274545669555664e-01,8.615210652351379395e-02,-1.469857573509216309e+00,-8.201410770416259766e-01,-1.234011530876159668e+00,-9.075762629508972168e-01,-6.713151931762695312e-01,4.092308580875396729e-01,2.590681910514831543e-01,8.084902763366699219e-01,1.659829616546630859e-01,8.729876279830932617e-01,7.377153038978576660e-01,8.843960762023925781e-01,2.758967280387878418e-01,5.499268174171447754e-01,-3.729471564292907715e-01,1.361754629760980606e-02
1.133260250091552734e+00,1.068759083747863770e+00,6.364843249320983887e-01,7.174852490425109863e-02,3.480961024761199951e-01,9.947913289070129395e-01,-7.151074409484863281e-01,-4.802181124687194824e-01,-2.892069220542907715e-01,5.178759694099426270e-01,-7.361500263214111328e-01,-6.199867725372314453e-01,-8.569459319114685059e-01,1.121276378631591797e+00,-1.258540272712707520e+00,-5.790445208549499512e-01,8.954414166510105133e-03,2.818412482738494873e-01,1.145324349403381348e+00,-2.344687879085540771e-01,-8.700849488377571106e-03,1.153811961412429810e-01,5.821324139833450317e-02,3.910291492938995361e-01,-1.261574149131774902e+00,2.667506337165832520e-01,9.709004759788513184e-01,-1.233107149600982666e-01,1.299208164215087891e+00,1.560026168823242188e+00,1.070529222488403320e+00,8.928945064544677734e-01,-1.353139042854309082e+00,1.379854977130889893e-01,-6.002742648124694824e-01,4.018197059631347656e-01,-1.251834630966186523e-01,-1.035020351409912109e-01,4.063556194305419922e-01,-8.437579870223999023e-01,5.426281690597534180e-01,7.801344990730285645e-01,2.243771106004714966e-01,-1.792893111705780029e-01,1.401276111602783203e+00,-5.727669000625610352e-01,4.085918068885803223e-01,-2.589544653892517090e-01,2.780429124832153320e-01,1.704854369163513184e-01,-7.762286663055419922e-01,-3.749052882194519043e-01,-1.366912841796875000e+00,-1.706725656986236572e-01,-2.703423798084259033e-01,1.043458938598632812e+00,-2.937614321708679199e-01,-5.547856166958808899e-02,4.821755588054656982e-01,-5.209254622459411621e-01,-2.665569782257080078e+00,-5.144651532173156738e-01,1.778317093849182129e-01,-4.168358743190765381e-01,9.974556565284729004e-01,3.088369071483612061e-01,-6.163428425788879395e-01,4.963567554950714111e-01,-1.973256111145019531e+00,1.123946547508239746e+00,-6.239075660705566406e-01,-2.304398119449615479e-01,-7.680915296077728271e-02,2.061942577362060547e+00,-2.191168785095214844e+00,4.526239354163408279e-03,-5.578318834304809570e-01,4.895250499248504639e-01,8.485472202301025391e-01,-6.486523151397705078e-01,-9.872065186500549316e-01,-1.733994841575622559e+00,9.095028042793273926e-02,8.781003952026367188e-01,1.701641440391540527e+00,-3.013203144073486328e-01,1.065013170242309570e+00,1.568263471126556396e-01,1.563690900802612305e-01,-1.332660019397735596e-01,5.276393294334411621e-01,1.555258035659790039e+00,9.097819924354553223e-01,1.895719915628433228e-01,-3.101904392242431641e-01,3.524136543273925781e-01,-8.535777777433395386e-02,1.965032070875167847e-01,-1.784486621618270874e-01,4.033121168613433838e-01,1.428561210632324219e+00,-3.373039662837982178e-01,7.608804106712341309e-01,5.187184810638427734e-01,-5.007027983665466309e-01,-9.907167404890060425e-02,1.036877989768981934e+00,8.529901504516601562e-01,3.325156271457672119e-01,-6.591524481773376465e-01,-2.045023918151855469e+00,-3.874218091368675232e-02,1.205261826515197754e+00,-4.379988610744476318e-01,-2.070068836212158203e+00,1.278015136718750000e+00,4.783138260245323181e-02,1.065219879150390625e+00,-4.249118864536285400e-01,4.902631640434265137e-01,9.459258913993835449e-01,-1.557797193527221680e-01,4.035973548889160156e-01,7.641635537147521973e-01,-6.705277562141418457e-01,-1.134835720062255859e+00,-5.130704641342163086e-01,8.495426774024963379e-01,-8.514710515737533569e-02,-1.591024041175842285e+00,1.399083877913653851e-03,-1.026868939399719238e+00,2.275481969118118286e-01,-5.700094625353813171e-02,4.365325868129730225e-01,6.979074794799089432e-03,1.314640522003173828e+00,-1.663216352462768555e+00,1.021214008331298828e+00,2.563503682613372803e-01,1.253340482711791992e+00,8.412714302539825439e-02,8.557323217391967773e-01,9.022048711776733398e-01,4.917409420013427734e-01,3.810937404632568359e-01,6.529524326324462891e-01,-1.061368584632873535e+00,2.696933150291442871e-01,4.422500431537628174e-01,9.941188097000122070e-01,-9.611017704010009766e-01,-6.376228332519531250e-01,1.955888569355010986e-01,-1.435768604278564453e-01,-1.424971222877502441e-01,-4.260219335556030273e-01,-4.613384902477264404e-01,-8.906320929527282715e-01,3.177839517593383789e-01,1.965389132499694824e+00,2.240523576736450195e+00,8.413660526275634766e-01,2.999896109104156494e-01,3.234747648239135742e-01,-1.449756622314453125e-01,4.454844072461128235e-02,-5.628491044044494629e-01,4.061454236507415771e-01,1.384694099426269531e+00,1.140749216079711914e+00,-5.354640483856201172e-01,1.085349440574645996e+00,7.159262299537658691e-01,1.244821026921272278e-01,1.726008176803588867e+00,-1.358361542224884033e-01,5.720725655555725098e-01,5.837035775184631348e-01,1.641603469848632812e+00,2.290190756320953369e-01,4.478375613689422607e-01,1.084944963455200195e+00,1.451021432876586914e+00,-5.467440485954284668e-01,2.374551773071289062e+00,5.640293359756469727e-01,3.595214802771806717e-03,-4.405801594257354736e-01,1.477806806564331055e+00,3.082249462604522705e-01,-1.707474440336227417e-01,-3.065329492092132568e-01,-6.368445158004760742e-01,1.887904852628707886e-01,2.724974155426025391e-01,8.779228925704956055e-01,-7.165485620498657227e-02,-3.387212753295898438e-01,5.955976247787475586e-01
4.505773484706878662e-01,-8.422228693962097168e-01,-3.597496747970581055e-01,-4.110794365406036377e-01,-7.762598395347595215e-01,-1.041048407554626465e+00,1.708786606788635254e+00,-5.192131400108337402e-01,-3.716309666633605957e-01,7.277858257293701172e-01,-2.528741359710693359e-01,-4.014842808246612549e-01,-7.987731099128723145e-01,1.236800074577331543e+00,1.797324538230895996e+00,1.626858234405517578e+00,-1.122251391410827637e+00,-2.165000140666961670e-01,-1.954339265823364258e+00,-1.146474838256835938e+00,-1.020598337054252625e-01,-7.239414453506469727e-01,-2.032038688659667969e+00,-3.177316188812255859e-01,3.167345225811004639e-01,7.254325747489929199e-01,1.032742977142333984e+00,-4.252145290374755859e-01,-1.072108983993530273e+00,3.851344585418701172e-01,-9.922580122947692871e-01,1.765802979469299316e+00,-5.462561845779418945e-01,7.573071122169494629e-02,-7.006023526191711426e-01,1.478472471237182617e+00,3.629798591136932373e-01,2.021572887897491455e-01,5.407453179359436035e-01,1.709467530250549316e+00,1.640993803739547729e-01,-3.609973192214965820e-01,8.419171571731567383e-01,1.085245132446289062e+00,6.632764935493469238e-01,3.814547359943389893e-01,-2.608192265033721924e-01,-7.263164222240447998e-02,-3.809044361114501953e-01,6.628493070602416992e-01,7.126684784889221191e-01,-7.427080869674682617e-01,1.502524256706237793e+00,-8.908908367156982422e-01,-9.171636700630187988e-01,-5.070716738700866699e-01,9.348080158233642578e-01,2.081641368567943573e-02,-6.141574382781982422e-01,-6.517507433891296387e-01,5.359860062599182129e-01,-1.924182772636413574e+00,-7.238170504570007324e-02,6.655227392911911011e-02,-8.899391889572143555e-01,7.083913683891296387e-01,-5.742056965827941895e-01,-1.002695202827453613e+00,-4.881772994995117188e-01,3.170377016067504883e-01,-6.920484304428100586e-01,-7.534109354019165039e-01,-1.975090950727462769e-01,1.530285596847534180e+00,-1.083883881568908691e+00,6.330760717391967773e-01,2.233514070510864258e+00,-1.932774186134338379e-01,1.007558181881904602e-01,1.366652727127075195e+00,2.257511854171752930e+00,-2.120836257934570312e+00,-3.472497165203094482e-01,-3.083454072475433350e-01,-1.085933521389961243e-01,2.190922021865844727e+00,1.659078478813171387e+00,1.977761983871459961e+00,-1.307247042655944824e+00,-9.107568264007568359e-01,-1.605564951896667480e-01,2.356833964586257935e-01,1.340068578720092773e-01,7.606590632349252701e-03,-7.571336030960083008e-01,1.277931809425354004e+00,4.720357656478881836e-01,-7.514714002609252930e-01,-5.891337245702743530e-02,8.544491976499557495e-02,-1.582513332366943359e+00,-1.430293798446655273e+00,1.016411662101745605e+00,-1.360910534858703613e+00,-1.311572194099426270e+00,-1.711458206176757812e+00,-1.877360582351684570e+00,-3.252778530120849609e+00,5.914625525474548340e-01,-1.341681241989135742e+00,3.224404454231262207e-01,-6.376305222511291504e-01,5.074291676282882690e-02,-6.834107637405395508e-01,4.387928247451782227e-01,1.568798571825027466e-01,-4.766260385513305664e-01,2.831748425960540771e-01,-1.293973773717880249e-01,-2.796970307826995850e-01,-8.084021806716918945e-01,-1.698352694511413574e+00,8.353612422943115234e-01,6.026599407196044922e-01,6.409984230995178223e-01,1.767819881439208984e+00,3.680380582809448242e-01,1.058444857597351074e+00,-1.477494716644287109e+00,-3.571721315383911133e-01,-5.688420534133911133e-01,1.686919808387756348e+00,-7.284947037696838379e-01,1.599939316511154175e-01,-5.939885973930358887e-01,-7.387723922729492188e-01,-1.774103492498397827e-01,-5.279796719551086426e-01,-7.987518310546875000e-01,-3.471283614635467529e-01,3.805001080036163330e-01,4.590326249599456787e-01,6.375963687896728516e-01,-3.362555801868438721e-01,-6.371073722839355469e-01,3.917731940746307373e-01,-9.782961010932922363e-01,6.845561861991882324e-01,7.089895606040954590e-01,-6.975536793470382690e-02,-2.122508883476257324e-01,-1.040522940456867218e-02,-8.083821088075637817e-02,1.795407980680465698e-01,1.053450345993041992e+00,-6.070514917373657227e-01,1.381630301475524902e+00,5.312246680259704590e-01,-5.060674548149108887e-01,-1.019703269004821777e+00,-8.269545435905456543e-01,-5.624393001198768616e-02,-1.946030616760253906e+00,-2.384720444679260254e-01,6.845061779022216797e-01,8.495672047138214111e-02,-8.141915202140808105e-01,1.076408252120018005e-01,-6.714758276939392090e-02,-8.650730848312377930e-01,3.108697235584259033e-01,4.710090160369873047e-01,-7.728571891784667969e-01,3.017944991588592529e-01,-1.113639101386070251e-01,-4.529743455350399017e-03,7.641397118568420410e-01,9.897894859313964844e-01,5.608907938003540039e-01,-1.072185993194580078e+00,9.693269729614257812e-01,8.100472688674926758e-01,4.479212462902069092e-01,9.896827936172485352e-01,1.053910374641418457e+00,7.547470182180404663e-02,-1.366789340972900391e-01,-1.013281941413879395e+00,-7.237085700035095215e-01,-4.865114092826843262e-01,-1.037040114402770996e+00,1.727375507354736328e+00,-6.022437810897827148e-01,4.102547466754913330e-01,6.503049731254577637e-01,-2.080715820193290710e-02,-1.216424852609634399e-01,-7.415920495986938477e-01,2.927713654935359955e-02,-4.596355929970741272e-02
-8.599965572357177734e-01,-5.030449032783508301e-01,-3.390875160694122314e-01,1.014084935188293457e+00,-2.879358828067779541e-01,-5.367640256881713867e-01,-1.439415574073791504e+00,1.407290458679199219e+00,-2.086102068424224854e-01,-3.341073691844940186e-01,1.103451013565063477e+00,3.578409850597381592e-01,-1.360521078109741211e+00,-1.372857987880706787e-01,-3.637778162956237793e-01,1.511853933334350586e-01,-6.255784034729003906e-01,-1.403089016675949097e-01,-8.736844062805175781e-01,1.276472568511962891e+00,7.783514261245727539e-01,-6.607889533042907715e-01,-1.100494116544723511e-01,-8.684683591127395630e-02,9.705336093902587891e-01,5.060907006263732910e-01,1.367270648479461670e-01,4.318753480911254883e-01,-1.204637646675109863e+00,-1.352633953094482422e+00,-1.091465353965759277e+00,-1.225446701049804688e+00,-4.078146070241928101e-02,4.336413741111755371e-01,5.873605012893676758e-01,-8.297493332065641880e-04,-1.692566514015197754e+00,-1.547369241714477539e+00,7.227013260126113892e-02,1.027700662612915039e+00,-3.256622552871704102e-01,2.459524422883987427e-01,-1.554009318351745605e+00,-2.122030973434448242e+00,1.019125461578369141e+00,-4.615796506404876709e-01,1.484197258949279785e+00,-1.800186187028884888e-01,-1.266930103302001953e+00,5.428144335746765137e-01,6.993678808212280273e-01,-1.156428217887878418e+00,1.675373554229736328e+00,-5.381429195404052734e-01,5.565056800842285156e-01,-8.698821663856506348e-01,-6.025557518005371094e-01,3.861432373523712158e-01,-4.551590979099273682e-01,-9.316464066505432129e-01,-9.670677185058593750e-01,-3.566990196704864502e-01,-9.406061172485351562e-01,-1.154560923576354980e+00,-1.088049292564392090e+00,-4.479515254497528076e-01,8.231813311576843262e-01,-1.182607650756835938e+00,-2.640803456306457520e-01,-1.248607873916625977e+00,2.401987090706825256e-02,7.009404301643371582e-01,1.462849527597427368e-01,-3.703628182411193848e-01,1.246562242507934570e+00,-7.141209840774536133e-01,-5.239766240119934082e-01,-5.631825327873229980e-01,3.531709313392639160e-01,1.076380982995033264e-01,7.593283057212829590e-01,-1.225731521844863892e-01,-1.975430488586425781e+00,-9.519953727722167969e-01,-4.589183628559112549e-01,1.795942187309265137e+00,-1.178260445594787598e+00,1.612930655479431152e+00,-9.200088679790496826e-02,1.624930858612060547e+00,2.673253118991851807e-01,6.514672189950942993e-02,-8.150068521499633789e-01,-1.144679784774780273e+00,1.808870434761047363e-01,1.980881392955780029e-01,-1.604286134243011475e-01,-1.878313302993774414e+00,1.052644014358520508e+00,1.128233671188354492e+00,-7.738204002380371094e-01,4.911313354969024658e-01,2.175567448139190674e-01,2.853028774261474609e-01,1.142079114913940430e+00,-6.587848663330078125e-01,7.019424438476562500e-01,-1.241691827774047852e+00,-3.556365370750427246e-01,7.182323932647705078e-01,4.767823219299316406e-01,2.596402168273925781e-01,5.260425209999084473e-01,-7.126297801733016968e-02,-6.716679334640502930e-01,1.440622508525848389e-01,-2.981722652912139893e-01,-1.271603465080261230e+00,1.313102722167968750e+00,1.034291982650756836e+00,-2.117890834808349609e+00,3.081961572170257568e-01,4.005137979984283447e-01,7.841950654983520508e-02,-2.448494173586368561e-02,2.691079676151275635e-01,-7.681778073310852051e-01,-1.280221939086914062e+00,1.414431214332580566e+00,-1.760146617889404297e+00,-1.959390282630920410e+00,8.131885528564453125e-01,3.481297791004180908e-01,8.524645566940307617e-01,1.458729356527328491e-01,-1.623509049415588379e+00,-1.455645322799682617e+00,-8.489539623260498047e-01,4.597031474113464355e-01,-1.066421508789062500e+00,3.177028000354766846e-01,6.010745763778686523e-01,1.558876931667327881e-01,1.010180354118347168e+00,-5.049342289566993713e-02,4.531539380550384521e-01,-1.552978515625000000e+00,8.012310862541198730e-01,-1.176763415336608887e+00,-3.332620561122894287e-01,-2.848650515079498291e-01,1.328520536422729492e+00,3.672095537185668945e-01,5.597393512725830078e-01,9.429592490196228027e-01,-2.170025825500488281e+00,2.203209400177001953e+00,-1.378141809254884720e-02,-2.612438440322875977e+00,1.912239938974380493e-01,5.928837060928344727e-01,1.903913378715515137e+00,-2.332066595554351807e-01,1.743701249361038208e-01,8.563787490129470825e-02,-3.386528491973876953e-01,8.267754316329956055e-01,-4.001767039299011230e-01,6.647082567214965820e-01,5.155544281005859375e-01,-2.224544525146484375e+00,-5.909596085548400879e-01,7.041496783494949341e-02,-1.350024580955505371e+00,3.836962580680847168e-01,6.711813807487487793e-01,6.760296821594238281e-01,-2.515310943126678467e-01,-5.410898327827453613e-01,4.842981994152069092e-01,2.139334440231323242e+00,-4.073587954044342041e-01,-1.012671947479248047e+00,-4.346166551113128662e-02,2.906750679016113281e+00,4.160364568233489990e-01,-1.915891021490097046e-01,3.529143333435058594e-01,-4.781107306480407715e-01,1.002973914146423340e+00,-1.737628459930419922e+00,1.739786863327026367e+00,-1.525144219398498535e+00,5.011484026908874512e-01,4.211956858634948730e-01,5.908156037330627441e-01,8.964825868606567383e-01,-4.615940451622009277e-01,-6.586583256721496582e-01,1.728615403175354004e+00
-2.190502166748046875e+00,-3.599253296852111816e-01,-3.681772947311401367e-01,-8.448296785354614258e-01,4.877201318740844727e-01,-6.451191306114196777e-01,5.341393947601318359e-01,-1.680078208446502686e-01,-1.208186373114585876e-01,1.075268626213073730e+00,6.615516543388366699e-01,-5.842630267143249512e-01,1.236926093697547913e-01,-1.690369963645935059e+00,-2.701632082462310791e-01,2.001695156097412109e+00,1.254744529724121094e-01,8.173110336065292358e-02,-2.245746254920959473e-01,-1.685610532760620117e+00,1.347502470016479492e+00,1.467907071113586426e+00,1.008272767066955566e-01,7.908506393432617188e-01,-4.500776827335357666e-01,-1.047318577766418457e+00,-9.459720253944396973e-01,1.081546902656555176e+00,6.261826157569885254e-01,6.551092267036437988e-01,-2.144309282302856445e+00,-8.931946158409118652e-01,1.186009868979454041e-01,5.430432781577110291e-02,-4.819755852222442627e-01,-1.512668848037719727e+00,-1.325552105903625488e+00,-1.326490044593811035e+00,-4.742318689823150635e-01,-7.400097250938415527e-01,-1.055406570434570312e+00,5.731179118156433105e-01,-1.085313081741333008e+00,3.691863119602203369e-01,5.766990184783935547e-01,9.230160117149353027e-01,-1.429463624954223633e+00,1.863783597946166992e-01,1.771275252103805542e-01,5.095064043998718262e-01,-1.430237412452697754e+00,-6.309698820114135742e-01,1.716178655624389648e-01,-1.558881282806396484e+00,1.585582733154296875e+00,6.342919170856475830e-02,-8.504939079284667969e-01,8.238200545310974121e-01,1.160200715065002441e+00,-2.629508972167968750e+00,8.695480227470397949e-02,-4.120122194290161133e-01,6.937313079833984375e-01,-8.094078898429870605e-01,1.256147742271423340e+00,1.179326891899108887e+00,2.012750625610351562e+00,3.313984870910644531e-01,-1.372081041336059570e+00,-8.904234170913696289e-01,-2.034316509962081909e-01,-1.889243960380554199e+00,-7.691104412078857422e-01,5.463952943682670593e-02,1.018869757652282715e+00,-1.426808238029479980e+00,2.356493175029754639e-01,-7.209800481796264648e-01,2.046831846237182617e+00,-9.120329022407531738e-01,1.767486691474914551e+00,3.750566393136978149e-02,-9.660489857196807861e-02,-2.058154106140136719e+00,-1.695398390293121338e-01,4.754112362861633301e-01,-9.177404642105102539e-01,-2.104214906692504883e+00,3.142108321189880371e-01,-9.038016200065612793e-01,4.589681029319763184e-01,-4.788795709609985352e-01,2.125524044036865234e+00,8.761733174324035645e-01,5.662589669227600098e-01,-1.565334558486938477e+00,-3.787653148174285889e-01,-1.353505134582519531e+00,-1.621415019035339355e+00,-1.259724974632263184e+00,-1.436866074800491333e-01,1.120740547776222229e-01,7.269877195358276367e-02,8.824177831411361694e-02,-1.452986150979995728e-02,-3.844434618949890137e-01,-1.112322688102722168e+00,2.266496568918228149e-01,6.212208867073059082e-01,-2.645788788795471191e-01,-1.679265975952148438e+00,-1.357524037361145020e+00,2.463497400283813477e+00,-8.963301777839660645e-02,-1.596385002136230469e+00,4.343073666095733643e-01,-8.302367329597473145e-01,-7.779994010925292969e-01,-1.433393716812133789e+00,-2.257250100374221802e-01,-2.385825067758560181e-01,-7.554590106010437012e-01,2.196877598762512207e-01,3.444532871246337891e+00,-1.869521439075469971e-01,6.379681825637817383e-01,7.830133438110351562e-01,-3.149942457675933838e-01,-2.246200740337371826e-01,-2.161489725112915039e+00,2.106468677520751953e+00,1.582814455032348633e+00,1.373291611671447754e+00,2.432441949844360352e+00,1.194823980331420898e+00,-1.056645989418029785e+00,2.522640824317932129e-01,-1.216145396232604980e+00,8.296210318803787231e-02,-1.564932107925415039e+00,-9.425534605979919434e-01,5.174186229705810547e-01,-1.311992704868316650e-01,-1.173554658889770508e+00,-1.428043842315673828e+00,3.843835592269897461e-01,-1.243779540061950684e+00,-7.662184536457061768e-02,-4.809206351637840271e-02,-2.880669116973876953e+00,1.593730926513671875e+00,-6.997781991958618164e-01,-8.997090458869934082e-01,-1.391532659530639648e+00,-8.646936714649200439e-02,9.448661208152770996e-01,2.782731354236602783e-01,1.309414505958557129e+00,1.598953247070312500e+00,-1.153728604316711426e+00,-1.464576005935668945e+00,9.911919832229614258e-01,1.858143329620361328e+00,7.365082502365112305e-01,-1.205710887908935547e+00,-2.681555271148681641e+00,-2.610435187816619873e-01,-8.964377045631408691e-01,-1.446308732032775879e+00,4.344352781772613525e-01,-2.577832341194152832e-01,-1.199529290199279785e+00,9.061645269393920898e-01,-2.203806877136230469e+00,8.257786631584167480e-01,-5.361362099647521973e-01,1.591045856475830078e-01,9.447716474533081055e-01,-2.481469139456748962e-02,1.354122161865234375e+00,3.268120288848876953e-01,1.442582160234451294e-01,-1.804663799703121185e-02,1.657933950424194336e+00,7.341515272855758667e-02,1.189607024192810059e+00,4.737279377877712250e-03,-1.548238754272460938e+00,1.724110841751098633e-01,-9.079344272613525391e-01,-5.137800574302673340e-01,6.398515701293945312e-01,3.793705999851226807e-01,7.309022545814514160e-02,-1.592041254043579102e-01,-6.185657531023025513e-02,-7.568253874778747559e-01,-1.930417418479919434e+00,-3.785287439823150635e-01,-3.884231150150299072e-01
1.735543847084045410e+00,1.079963684082031250e+00,1.197311878204345703e+00,-1.584784388542175293e+00,-7.564467191696166992e-02,1.504331707954406738e+00,-2.460563331842422485e-01,1.399808656424283981e-02,-7.650974988937377930e-01,-3.078841269016265869e-01,2.644523382186889648e-01,-1.118171572685241699e+00,-9.229122996330261230e-01,1.817146182060241699e+00,4.773067831993103027e-01,1.274081170558929443e-01,-2.132749855518341064e-01,-3.082265257835388184e-01,-1.948010325431823730e-01,-1.483952164649963379e+00,1.209271073341369629e+00,-6.342591047286987305e-01,6.339014768600463867e-01,5.734537839889526367e-01,7.251161932945251465e-01,3.802943229675292969e-01,-5.899642035365104675e-02,-2.225872755050659180e+00,8.222835063934326172e-01,-3.539550006389617920e-01,-7.397046685218811035e-01,-1.055018067359924316e+00,3.130232572555541992e+00,-4.692944884300231934e-01,-2.464790046215057373e-01,8.539245277643203735e-02,-6.505627036094665527e-01,-2.461892813444137573e-01,-5.731914639472961426e-01,2.285113573074340820e+00,-3.327519595623016357e-01,1.112504124641418457e+00,-2.213539838790893555e+00,-1.487493872642517090e+00,-4.553209543228149414e-01,-2.256393283605575562e-01,-4.452272057533264160e-01,1.032582998275756836e+00,-9.544938802719116211e-01,1.641055464744567871e+00,-1.331609606742858887e+00,8.614194393157958984e-01,-1.211532711982727051e+00,-2.171823263168334961e+00,-5.496230721473693848e-01,1.123526692390441895e+00,6.145436167716979980e-01,-1.670744776725769043e+00,-1.363125205039978027e+00,-1.940320134162902832e-01,-1.021243631839752197e-01,3.325906991958618164e-01,-7.710922360420227051e-01,2.808225527405738831e-02,-1.135466575622558594e+00,3.846907289698719978e-03,-1.383002400398254395e+00,1.200474947690963745e-01,8.308414220809936523e-01,-1.805729389190673828e+00,-3.587007522583007812e-01,-5.253062844276428223e-01,-3.565346896648406982e-01,-2.072847783565521240e-01,6.874572038650512695e-01,-1.136613011360168457e+00,-7.434029877185821533e-02,2.546267271041870117e+00,5.043708682060241699e-01,5.471774339675903320e-01,-1.053887486457824707e+00,-6.516017317771911621e-01,-5.541789531707763672e-01,-9.555203318595886230e-01,-9.049032232724130154e-04,2.072575807571411133e+00,-7.199224233627319336e-01,5.247957706451416016e-01,-9.830843806266784668e-01,1.286631941795349121e+00,-4.294193908572196960e-02,-8.894068002700805664e-01,-7.760028839111328125e-01,-1.967885136604309082e+00,-8.191472291946411133e-02,-1.724004149436950684e+00,1.350609898567199707e+00,-1.837582737207412720e-01,-7.055829167366027832e-01,9.578081965446472168e-01,-1.344146728515625000e-01,-1.851495504379272461e+00,-6.746608614921569824e-01,-4.985516965389251709e-01,1.597194552421569824e+00,-4.706734046339988708e-02,-5.335796475410461426e-01,3.326851427555084229e-01,1.806553006172180176e+00,-1.635794639587402344e+00,-1.313748359680175781e+00,-5.769863724708557129e-01,9.566098451614379883e-01,-1.348840355873107910e+00,2.864588201045989990e-01,1.166863799095153809e+00,-3.066225051879882812e-01,5.354500412940979004e-01,-1.453065633773803711e+00,-2.580122649669647217e-02,3.438160121440887451e-01,-3.168382346630096436e-01,2.908329665660858154e-01,-7.019973397254943848e-01,-4.354394078254699707e-01,1.040271997451782227e+00,1.095611929893493652e+00,1.127334356307983398e+00,6.600959897041320801e-01,-5.601165294647216797e-01,-7.027765512466430664e-01,1.426194429397583008e+00,1.849591732025146484e-01,-4.111647903919219971e-01,-1.423529744148254395e+00,-1.130861192941665649e-01,9.698562026023864746e-01,-5.292121767997741699e-01,2.984509803354740143e-02,-1.574937582015991211e+00,4.345858395099639893e-01,-1.602451682090759277e+00,-5.316263437271118164e-01,1.204829096794128418e+00,-1.698944449424743652e+00,-1.614739418029785156e+00,1.181708276271820068e-02,-7.038178443908691406e-01,8.887675404548645020e-01,2.679786384105682373e-01,5.857221484184265137e-01,-7.684949040412902832e-02,1.810530662536621094e+00,-8.724195361137390137e-01,-6.485667824745178223e-01,7.759375572204589844e-01,7.266208529472351074e-01,-1.221774697303771973e+00,3.809555768966674805e-01,1.690394639968872070e+00,1.921811580657958984e+00,9.427176713943481445e-01,9.760628938674926758e-01,7.612341046333312988e-01,7.720143347978591919e-02,-3.935329616069793701e-01,6.247238516807556152e-01,1.154749155044555664e+00,-3.904519975185394287e-01,-9.419280886650085449e-01,1.172513842582702637e+00,-8.287293314933776855e-01,-9.058520793914794922e-01,5.529621243476867676e-01,3.955878317356109619e-01,-8.897035717964172363e-01,-6.194864511489868164e-01,9.570394456386566162e-02,-5.181303620338439941e-01,-5.577619075775146484e-01,1.914643645286560059e+00,1.242086291313171387e-02,-7.853199839591979980e-01,-1.010998606681823730e+00,-3.238142132759094238e-01,6.073493361473083496e-01,3.292485773563385010e-01,-1.740048974752426147e-01,9.275584220886230469e-01,2.027624398469924927e-01,2.048181056976318359e+00,4.869314730167388916e-01,-6.873859167098999023e-01,-1.604735136032104492e+00,-8.654083013534545898e-01,5.582366585731506348e-01,1.098359346389770508e+00,1.100780725479125977e+00,-5.834320187568664551e-01,9.199262261390686035e-01
4.558227658271789551e-01,6.125255227088928223e-01,6.379038691520690918e-01,-5.745268613100051880e-02,1.030438780784606934e+00,1.449080348014831543e+00,-1.723950386047363281e+00,1.637032032012939453e+00,1.203433394432067871e+00,2.090272456407546997e-01,-1.165590405464172363e+00,-3.734153211116790771e-01,-1.104267239570617676e+00,-5.271562337875366211e-01,-1.570937395095825195e+00,7.317531108856201172e-01,-7.856951355934143066e-01,8.781263828277587891e-01,1.050667762756347656e+00,2.547315061092376709e-01,2.009495019912719727e+00,-1.482081532478332520e+00,1.943862199783325195e+00,-1.638360172510147095e-01,7.146752476692199707e-01,-1.120610013604164124e-01,4.733149707317352295e-02,1.995322346687316895e+00,1.236993789672851562e+00,4.218442365527153015e-02,-8.290956020355224609e-01,-5.798220634460449219e-01,-1.754088640213012695e+00,-2.211145907640457153e-01,-2.636612951755523682e-01,-3.412469923496246338e-01,-9.569830894470214844e-01,7.975966930389404297e-01,5.632599815726280212e-02,-5.752224922180175781e-01,1.856523156166076660e-01,1.704826653003692627e-01,-2.436430454254150391e+00,-3.186531543731689453e+00,-5.192558169364929199e-01,8.182239532470703125e-01,1.715790271759033203e+00,1.972081780433654785e+00,7.522487044334411621e-01,-1.723774313926696777e+00,-5.667038261890411377e-03,8.082109093666076660e-01,-1.273653805255889893e-01,5.773005485534667969e-01,-7.804828286170959473e-01,-3.618996143341064453e-01,-6.785541176795959473e-01,-1.275308489799499512e+00,-6.465783715248107910e-01,-6.325231790542602539e-01,2.080337047576904297e+00,-5.376051068305969238e-01,-1.674350053071975708e-01,1.016512215137481689e-01,3.388760983943939209e-01,6.308737397193908691e-01,-1.658540777862071991e-02,-1.386217951774597168e+00,1.271730303764343262e+00,2.688362598419189453e-01,4.065275937318801880e-02,1.466309875249862671e-01,1.985802054405212402e+00,1.824878007173538208e-01,-7.939191460609436035e-01,7.717583775520324707e-01,1.103734731674194336e+00,3.712798655033111572e-01,-5.624094605445861816e-02,-1.611542105674743652e-01,-3.291966021060943604e-01,-1.022923827171325684e+00,-1.817116379737854004e+00,-2.907570600509643555e-01,1.530733227729797363e+00,-2.351168394088745117e+00,2.672662138938903809e-01,-1.142495036125183105e+00,6.314136981964111328e-01,-8.569008111953735352e-01,4.533955454826354980e-01,1.848066806793212891e+00,6.929954290390014648e-01,7.134348154067993164e-02,6.098652482032775879e-01,-7.278100252151489258e-01,-5.129988193511962891e-01,-9.432085156440734863e-01,-2.315389513969421387e-01,1.741760015487670898e+00,-5.913930535316467285e-01,1.907000988721847534e-01,1.339806616306304932e-01,2.912958264350891113e-01,-9.508591890335083008e-01,-1.467985361814498901e-01,-8.098882436752319336e-01,9.460532665252685547e-02,-1.558646559715270996e+00,1.439499735832214355e+00,8.368424177169799805e-01,-1.320776224136352539e+00,2.441731929779052734e+00,-1.578383445739746094e+00,5.532444119453430176e-01,-1.067424654960632324e+00,-1.072033882141113281e+00,7.129952311515808105e-01,-1.426675915718078613e-01,8.705055713653564453e-01,4.869658052921295166e-01,-8.607707023620605469e-01,-6.801843643188476562e-01,-2.136640787124633789e+00,4.333514273166656494e-01,1.605686783790588379e+00,1.746163070201873779e-01,-1.185776710510253906e+00,-1.052066683769226074e+00,-1.256712198257446289e+00,-5.846877694129943848e-01,-1.821426749229431152e+00,3.031973838806152344e-01,1.402412652969360352e+00,1.146864295005798340e+00,-4.445607960224151611e-01,1.558186292648315430e+00,-1.945388674736022949e+00,9.059846401214599609e-01,-1.034358024597167969e+00,4.679270088672637939e-01,5.324134826660156250e-01,-1.014914661645889282e-01,-1.422048568725585938e+00,4.280449077486991882e-02,-7.111570835113525391e-01,-2.802726626396179199e-01,-8.752667307853698730e-01,5.526884198188781738e-01,6.146766543388366699e-01,4.913246929645538330e-01,2.712450623512268066e-01,3.235623538494110107e-01,7.603024244308471680e-01,3.185102343559265137e-02,1.921569406986236572e-01,-9.751024246215820312e-01,1.052252531051635742e+00,-8.213954567909240723e-01,-1.360544681549072266e+00,1.651925921440124512e+00,-1.188246846199035645e+00,3.118861913681030273e-01,4.576990306377410889e-01,2.455233633518218994e-01,-5.068258643150329590e-01,-5.395888686180114746e-01,-3.536955118179321289e-01,-2.106550216674804688e+00,7.518429756164550781e-01,-5.864487886428833008e-01,-8.597168922424316406e-01,9.895885586738586426e-01,1.063120603561401367e+00,-4.818430840969085693e-01,-1.046345710754394531e+00,-7.263721227645874023e-01,6.040618419647216797e-01,3.202047049999237061e-01,-5.208001732826232910e-01,4.174938797950744629e-01,1.172284245491027832e+00,-1.094567656517028809e+00,1.978257149457931519e-01,-1.090180397033691406e+00,-1.641424059867858887e+00,1.010572686791419983e-01,8.312999606132507324e-01,1.517794847488403320e+00,1.330763339996337891e+00,-1.027458384633064270e-01,-7.457754611968994141e-01,-1.839664131402969360e-01,1.034263134002685547e+00,-3.903128951787948608e-02,2.352482229471206665e-01,-1.375517249107360840e+00,-2.609559297561645508e-01,-8.252200484275817871e-01,-1.369057178497314453e+00
9.648928046226501465e-01,5.191751122474670410e-01,1.056949496269226074e+00,-8.357692956924438477e-01,-9.783038496971130371e-01,4.514361917972564697e-02,8.554236292839050293e-01,1.629787534475326538e-01,-7.067776322364807129e-01,1.391136407852172852e+00,-1.129704952239990234e+00,-1.584490388631820679e-01,2.382923126220703125e+00,7.410051822662353516e-01,1.037307605147361755e-01,3.350049555301666260e-01,7.565195560455322266e-01,-1.499747514724731445e+00,6.886576414108276367e-01,9.291668534278869629e-01,-7.791938725858926773e-03,-3.419339656829833984e-02,-1.649426221847534180e+00,1.173606038093566895e+00,-2.203540056943893433e-01,-6.228280067443847656e-01,8.387839794158935547e-02,-1.821649789810180664e+00,1.334963560104370117e+00,-2.338368296623229980e-01,8.929001092910766602e-01,4.115905165672302246e-01,-5.049876570701599121e-01,-4.826608002185821533e-01,7.903305292129516602e-01,8.407629728317260742e-01,-1.692313104867935181e-01,-1.040196895599365234e+00,-7.371148467063903809e-01,3.616185858845710754e-02,1.621178150177001953e+00,-2.944280505180358887e-01,-7.262318730354309082e-01,3.901451230049133301e-01,-6.380109190940856934e-01,1.899482131004333496e+00,-5.487845540046691895e-01,-1.059522867202758789e+00,1.053766012191772461e+00,4.649894237518310547e-01,-6.514632701873779297e-01,-7.902360558509826660e-01,-1.112596392631530762e+00,-2.660976946353912354e-01,-1.561346650123596191e+00,1.153307437896728516e+00,7.112911939620971680e-01,-2.021455764770507812e-01,1.046771407127380371e+00,-1.851821839809417725e-01,3.916700482368469238e-01,2.832092285156250000e+00,1.109687805175781250e+00,7.861725091934204102e-01,1.761460542678833008e+00,6.029649376869201660e-01,6.238187849521636963e-02,-9.979030489921569824e-01,-1.423822164535522461e+00,7.553873956203460693e-02,-6.653715968132019043e-01,9.339632987976074219e-01,-9.324246644973754883e-01,1.524432539939880371e+00,5.027946829795837402e-01,-3.333264887332916260e-01,2.727327048778533936e-01,4.842181503772735596e-01,-5.535890460014343262e-01,2.094138413667678833e-01,-1.063993215560913086e+00,1.340013295412063599e-01,4.891439676284790039e-01,2.427061051130294800e-01,-3.540980815887451172e-01,-6.211450695991516113e-01,-1.875201940536499023e+00,1.788756698369979858e-01,3.186403512954711914e-01,5.240048766136169434e-01,-1.592905044555664062e+00,-5.490522384643554688e-01,-6.656894087791442871e-01,-1.141066551208496094e+00,2.345097512006759644e-01,8.390832543373107910e-01,-1.127564191818237305e+00,1.191477105021476746e-01,1.687605619430541992e+00,-2.131360769271850586e-01,-1.057251930236816406e+00,-1.192284107208251953e+00,1.434381902217864990e-01,-7.897579669952392578e-01,-1.081984281539916992e+00,-3.737174272537231445e-01,1.128013372421264648e+00,-2.713797390460968018e-01,3.893244266510009766e-01,9.294471740722656250e-01,6.593701839447021484e-01,3.267292976379394531e-01,-3.624915182590484619e-01,-3.651523590087890625e-01,-1.048772454261779785e+00,5.119152665138244629e-01,2.809469699859619141e-01,-4.379498064517974854e-01,-1.228957176208496094e-01,5.044485330581665039e-01,7.926359176635742188e-01,1.115801453590393066e+00,4.799738228321075439e-01,1.441978573799133301e+00,-1.131127119064331055e+00,2.052675724029541016e+00,-1.855278462171554565e-01,-2.080173790454864502e-01,-9.998070448637008667e-02,1.251231580972671509e-01,7.667966485023498535e-01,-6.387203186750411987e-02,-9.688837528228759766e-01,8.737080693244934082e-01,-5.934991240501403809e-01,-4.263527393341064453e-01,-1.078577399253845215e+00,2.243231534957885742e+00,2.797889709472656250e-01,4.049289524555206299e-01,8.468213081359863281e-01,-1.606285333633422852e+00,5.984539538621902466e-02,1.346004009246826172e+00,1.047213792800903320e+00,1.695934891700744629e+00,1.062801003456115723e+00,1.493858337402343750e+00,-1.127038955688476562e+00,-1.084012985229492188e+00,-2.391572445631027222e-01,-6.355182528495788574e-01,-1.936475634574890137e-01,-2.978734374046325684e-01,1.765539050102233887e+00,1.657789826393127441e+00,1.041984185576438904e-01,1.395571529865264893e-01,-2.126284599304199219e+00,6.905664224177598953e-03,1.383045911788940430e+00,1.770603656768798828e-01,1.374416232109069824e+00,-4.969361722469329834e-01,7.434977889060974121e-01,-6.469402909278869629e-01,5.365185737609863281e-01,6.804673671722412109e-01,-7.717313170433044434e-01,6.431463360786437988e-01,1.180231690406799316e+00,-2.475617825984954834e-01,1.224999651312828064e-01,1.240334272384643555e+00,8.104320615530014038e-03,-2.643091678619384766e-01,2.168830037117004395e-01,1.176305651664733887e+00,2.865842282772064209e-01,-3.649268448352813721e-01,3.127006292343139648e-01,-1.993983149528503418e+00,6.161181330680847168e-01,2.512097835540771484e+00,7.471365928649902344e-01,2.364047527313232422e+00,-1.727529048919677734e+00,-9.571671485900878906e-01,-1.561352252960205078e+00,1.233335018157958984e+00,1.810242176055908203e+00,-1.256641745567321777e+00,-7.372789829969406128e-02,1.200687170028686523e+00,5.379756093025207520e-01,-1.629040837287902832e+00,3.622587025165557861e-01,-7.040368914604187012e-01,9.493744969367980957e-01,6.842960119247436523e-01
-6.502531170845031738e-01,-1.625146716833114624e-01,2.977656126022338867e-01,9.768559336662292480e-01,1.122577190399169922e+00,1.742831587791442871e+00,-6.028462201356887817e-02,-2.328238636255264282e-01,-3.802667856216430664e-01,-1.678174614906311035e+00,-1.021876633167266846e-01,7.518844306468963623e-02,6.686811894178390503e-02,1.034881711006164551e+00,4.688294827938079834e-01,-7.466701269149780273e-01,-1.804475665092468262e+00,-8.849911093711853027e-01,-3.326090574264526367e-01,1.053933858871459961e+00,-4.654236733913421631e-01,-5.537150502204895020e-01,1.349068760871887207e+00,1.098143100738525391e+00,-7.186393141746520996e-01,-2.188554853200912476e-01,8.892705291509628296e-02,-1.003312826156616211e+00,-1.442563533782958984e+00,2.724736332893371582e-01,1.047780752182006836e+00,-1.693717598915100098e+00,9.324977993965148926e-01,-2.324935793876647949e-02,6.823603510856628418e-01,1.334880709648132324e+00,1.987531036138534546e-01,4.546996578574180603e-02,5.655951499938964844e-01,1.705494999885559082e+00,5.187209844589233398e-01,3.064688444137573242e-01,-1.071899414062500000e+00,6.293076872825622559e-01,1.868281364440917969e+00,-7.909008264541625977e-01,1.776819825172424316e+00,1.696594595909118652e+00,6.666526198387145996e-01,3.348159193992614746e-01,-9.630794525146484375e-01,-4.938455522060394287e-01,-1.088714361190795898e+00,9.920361042022705078e-01,2.704576551914215088e-01,2.864351987838745117e+00,3.826387524604797363e-01,-9.031700491905212402e-01,-2.453451752662658691e-01,9.810841679573059082e-01,-4.307212233543395996e-01,9.178738594055175781e-01,2.088796198368072510e-01,-3.089930772781372070e+00,-2.874614596366882324e-01,2.364628203213214874e-02,-1.582649707794189453e+00,-5.761722922325134277e-01,-1.423246860504150391e+00,-2.384354591369628906e+00,4.123011529445648193e-01,-7.425588965415954590e-01,-5.104274153709411621e-01,8.110495805740356445e-01,3.760901093482971191e-01,1.866367459297180176e-01,-1.222832724452018738e-01,2.318643331527709961e+00,1.957817196846008301e+00,6.952722668647766113e-01,-6.314358860254287720e-02,4.196099042892456055e-01,4.741101562976837158e-01,1.478357911109924316e+00,8.808731436729431152e-01,-4.437210261821746826e-01,5.733814835548400879e-01,-1.864081472158432007e-01,8.482657670974731445e-01,1.105101585388183594e+00,-1.912993907928466797e+00,3.291562199592590332e-01,6.921079754829406738e-01,-1.307216882705688477e+00,8.862856775522232056e-02,-1.651839017868041992e+00,-1.124303102493286133e+00,-1.639860868453979492e+00,1.359112411737442017e-01,5.050591230392456055e-01,-9.704258441925048828e-01,-4.788827300071716309e-01,5.449590682983398438e-01,-7.859860062599182129e-01,6.755582690238952637e-01,1.158630490303039551e+00,1.246724486351013184e+00,1.403250098228454590e+00,8.569678664207458496e-02,3.639895096421241760e-02,1.240560770034790039e+00,1.155560851097106934e+00,-6.159123778343200684e-01,3.829979300498962402e-01,-4.745736122131347656e-01,-8.352390527725219727e-01,-1.875769376754760742e+00,8.409486711025238037e-02,3.065904974937438965e-01,3.281948268413543701e-01,-2.202644646167755127e-01,-1.135863304138183594e+00,-8.215565681457519531e-01,-2.859262704849243164e+00,1.479604482650756836e+00,2.738710641860961914e-01,3.567216098308563232e-01,-9.734700322151184082e-01,8.052822202444076538e-02,1.414580821990966797e+00,-1.222195029258728027e+00,4.811476543545722961e-02,3.753691315650939941e-01,-1.784646749496459961e+00,-2.107347697019577026e-01,-1.450901031494140625e+00,1.228607058525085449e+00,-1.060629248619079590e+00,-5.330876111984252930e-01,2.280066311359405518e-01,1.259661763906478882e-01,-2.590028047561645508e+00,-3.496364653110504150e-01,-1.004196763038635254e+00,5.600822567939758301e-01,1.027963757514953613e+00,-7.389517426490783691e-01,-1.287602782249450684e+00,2.361398562788963318e-02,1.119511365890502930e+00,-7.049855589866638184e-02,-1.150799989700317383e+00,-2.301838874816894531e+00,-2.016263484954833984e+00,1.073553442955017090e+00,-9.631694555282592773e-01,-1.317969411611557007e-01,-3.938656151294708252e-01,-1.845796108245849609e-01,-5.625617504119873047e-01,-1.070941835641860962e-01,7.543703913688659668e-02,1.606274247169494629e+00,-2.447680234909057617e+00,-4.247977137565612793e-01,-3.434654474258422852e-01,1.044042035937309265e-01,-1.379958838224411011e-01,-1.750157922506332397e-01,-6.251012682914733887e-01,-6.599190831184387207e-01,-6.417955756187438965e-01,-4.990210831165313721e-01,1.558640837669372559e+00,-1.899903453886508942e-02,3.483041524887084961e-01,-2.490869045257568359e+00,1.012331247329711914e+00,-1.427450329065322876e-01,-4.149545431137084961e-01,-1.997018694877624512e+00,8.812833428382873535e-01,1.139940977096557617e+00,-1.154872775077819824e+00,-2.276317119598388672e+00,9.422562718391418457e-01,-1.363136619329452515e-01,-3.163925111293792725e-01,9.780481457710266113e-02,7.060040235519409180e-01,2.370612382888793945e+00,-1.505964279174804688e+00,8.064038753509521484e-01,-7.598754763603210449e-01,1.333975791931152344e+00,-1.381273865699768066e+00,3.129716813564300537e-01,-1.309881806373596191e+00,8.233352899551391602e-01,6.691822409629821777e-01
-1.485491991043090820e-01,6.463629007339477539e-01,-6.936029791831970215e-01,-5.429633259773254395e-01,1.309639960527420044e-01,-5.697742700576782227e-01,-8.041835427284240723e-01,-5.832351446151733398e-01,2.528629064559936523e+00,1.800971508026123047e+00,-1.566068530082702637e+00,-1.231966743944212794e-04,8.597857356071472168e-01,-8.239061385393142700e-02,4.531790614128112793e-01,9.810238480567932129e-01,-1.775046706199645996e+00,3.824225664138793945e-01,-1.486817002296447754e+00,6.792363524436950684e-01,-1.024421572685241699e+00,-1.433374881744384766e+00,-2.998766303062438965e-01,-9.683367013931274414e-01,1.524214744567871094e+00,-4.979039132595062256e-01,-4.631008207798004150e-01,-5.422809720039367676e-01,5.986123085021972656e-01,-3.672543764114379883e-01,2.127369880676269531e+00,-1.160391926765441895e+00,-1.527971625328063965e+00,5.595412850379943848e-01,4.798853397369384766e-01,9.934149980545043945e-01,1.129330173134803772e-01,-1.615814685821533203e+00,1.502566218376159668e+00,4.000392556190490723e-01,6.701287031173706055e-01,-9.040109515190124512e-01,-9.147301912307739258e-01,9.772306680679321289e-01,-1.024350762367248535e+00,1.221717074513435364e-01,-6.925979256629943848e-01,6.427131891250610352e-01,7.940098047256469727e-01,-1.388548612594604492e+00,-7.113265991210937500e-02,-3.232826590538024902e-01,1.129934668540954590e+00,-2.108144015073776245e-01,-9.825928807258605957e-01,5.152010917663574219e-01,5.923277139663696289e-01,1.610860705375671387e+00,-3.795203566551208496e-01,9.263658523559570312e-01,-1.092037200927734375e+00,2.353308536112308502e-02,-1.017229437828063965e+00,-4.297015443444252014e-02,-7.955878973007202148e-01,1.119331955909729004e+00,-1.594271808862686157e-01,-2.312552928924560547e-01,1.016908764839172363e+00,-2.398824505507946014e-02,-3.035313487052917480e-01,1.363626003265380859e+00,-4.978967458009719849e-02,1.046132922172546387e+00,9.939451515674591064e-02,-8.893138766288757324e-01,-4.756293296813964844e-01,-7.118122577667236328e-01,-1.281893849372863770e+00,-2.053160220384597778e-01,6.413710117340087891e-01,5.735663175582885742e-01,2.071413695812225342e-01,8.569020032882690430e-01,-4.938214719295501709e-01,1.629970967769622803e-01,-4.970872104167938232e-01,-4.553548693656921387e-01,7.709842324256896973e-01,-1.037201881408691406e+00,3.206696987152099609e+00,8.321492671966552734e-01,-6.980018019676208496e-01,-1.253683771938085556e-02,2.304479479789733887e-01,7.189315557479858398e-02,-6.597230434417724609e-01,1.413257598876953125e+00,2.318032264709472656e+00,5.621807575225830078e-01,2.204325199127197266e+00,-3.588585928082466125e-02,-1.317468762397766113e+00,1.491230964660644531e+00,3.018215417861938477e+00,-5.316731333732604980e-01,-6.594421267509460449e-01,-6.021447181701660156e-01,6.442338228225708008e-01,-1.627578258514404297e+00,-1.423142433166503906e+00,-3.171775639057159424e-01,1.015261411666870117e+00,4.307664632797241211e-01,4.180882573127746582e-01,1.606262326240539551e+00,1.105252623558044434e+00,9.814901947975158691e-01,-6.615606695413589478e-02,5.787053704261779785e-01,8.839121460914611816e-01,9.489573836326599121e-01,-9.474882483482360840e-02,7.193334102630615234e-01,-9.244502782821655273e-01,7.323573827743530273e-01,1.420380920171737671e-01,-1.041259884834289551e+00,2.029219716787338257e-01,1.888301670551300049e-01,1.655945181846618652e-01,6.609832048416137695e-01,1.481808423995971680e+00,-2.069247245788574219e+00,-6.312092393636703491e-02,7.467924952507019043e-01,-2.059725046157836914e+00,-6.717558503150939941e-01,7.786755561828613281e-01,-1.719623923301696777e+00,-1.539745450019836426e+00,-1.260865807533264160e+00,-2.329821348190307617e+00,2.095064073801040649e-01,-1.450182199478149414e+00,-7.566267251968383789e-01,6.102476716041564941e-01,6.944422721862792969e-01,-1.116378977894783020e-01,-1.816578388214111328e+00,-1.531505227088928223e+00,5.340575575828552246e-01,1.024570763111114502e-01,-3.527398407459259033e-02,2.711002230644226074e-01,1.482985973358154297e+00,1.270022094249725342e-01,6.501493453979492188e-01,-8.448853492736816406e-01,-6.835938096046447754e-01,-1.969819903373718262e+00,-1.025234721601009369e-02,-7.986858487129211426e-01,1.058198571205139160e+00,-3.624052703380584717e-01,-2.945461034774780273e+00,-1.278193473815917969e+00,9.261457920074462891e-01,-9.068647027015686035e-01,1.444147109985351562e+00,2.196603119373321533e-01,-8.075842261314392090e-01,-2.104104042053222656e+00,1.721829921007156372e-02,-1.378879904747009277e+00,-3.830266296863555908e-01,-9.489018321037292480e-01,-1.159242540597915649e-01,-1.243121623992919922e+00,-6.513759493827819824e-01,-9.904947876930236816e-02,-8.339185714721679688e-01,1.005829691886901855e+00,-6.816596537828445435e-02,2.380254566669464111e-01,-1.087641954421997070e+00,-5.486908555030822754e-01,1.796932816505432129e+00,-5.129351615905761719e-01,5.403445363044738770e-01,1.574110984802246094e+00,-7.221843004226684570e-01,-6.583011150360107422e-01,-5.985992550849914551e-01,6.227907538414001465e-01,4.301900565624237061e-01,-1.308666020631790161e-01,-3.898764401674270630e-02,3.898374736309051514e-01,-1.947202719748020172e-02
2.292952537536621094e+00,1.737856984138488770e+00,-1.112456560134887695e+00,5.738731622695922852e-01,8.174014687538146973e-01,4.036761522293090820e-01,-5.910183787345886230e-01,-4.127351343631744385e-01,-2.391621589660644531e+00,1.564690828323364258e+00,-1.227113485336303711e+00,-1.079610809683799744e-01,-4.244072139263153076e-01,2.988920807838439941e-01,-2.818386554718017578e-01,-1.094416260719299316e+00,7.415137290954589844e-01,-3.995944261550903320e-01,5.517888814210891724e-02,-6.436970233917236328e-01,-1.299740552902221680e+00,5.138892531394958496e-01,-5.222818851470947266e-01,5.458937883377075195e-01,4.336056709289550781e-01,-8.762477636337280273e-01,1.028670549392700195e+00,1.309877336025238037e-01,5.186955332756042480e-01,-7.432407736778259277e-01,1.011510372161865234e+00,-4.563449919223785400e-01,-4.790783226490020752e-01,1.926472067832946777e+00,2.144609689712524414e-01,2.118603736162185669e-01,-5.291317030787467957e-02,-7.481476664543151855e-01,-1.294819474220275879e+00,-4.257182776927947998e-01,5.626860260963439941e-01,-7.949897050857543945e-01,-6.870816946029663086e-01,1.237131953239440918e+00,1.613319873809814453e+00,-4.321125149726867676e-01,-4.418056905269622803e-01,-8.820576667785644531e-01,-2.535462379455566406e-01,-5.621038675308227539e-01,6.990984678268432617e-01,7.894124388694763184e-01,1.064091444015502930e+00,2.720365822315216064e-01,-9.239349961280822754e-01,1.677278131246566772e-01,8.378351926803588867e-01,3.230957090854644775e-01,-4.903725981712341309e-01,-2.487176895141601562e+00,-2.576198875904083252e-01,-2.410117685794830322e-01,8.274737000465393066e-01,4.064793586730957031e-01,8.790623396635055542e-02,8.064309358596801758e-01,-8.426133394241333008e-01,-3.170309960842132568e-01,5.016969442367553711e-01,-3.338345289230346680e-01,1.053258106112480164e-01,9.628931283950805664e-01,-8.074803948402404785e-01,2.708421349525451660e-01,8.297507166862487793e-01,-6.544820666313171387e-01,8.127704858779907227e-01,-1.118178606033325195e+00,1.617800354957580566e+00,-8.707582950592041016e-01,4.826818108558654785e-01,-1.645427495241165161e-01,3.279606401920318604e-01,-5.548105835914611816e-01,1.061260048300027847e-02,3.373446166515350342e-01,-1.406678199768066406e+00,-6.234328150749206543e-01,-1.344891309738159180e+00,9.576206803321838379e-01,6.349024176597595215e-01,1.624003529548645020e+00,-5.790724158287048340e-01,-1.106953859329223633e+00,3.195142149925231934e-01,9.365469813346862793e-01,7.871466875076293945e-02,4.398685693740844727e-02,2.846447229385375977e-01,6.873765587806701660e-01,-1.040868312120437622e-01,-6.601836085319519043e-01,3.292283713817596436e-01,1.698146909475326538e-01,1.170888662338256836e+00,1.065515756607055664e+00,-2.555138468742370605e-01,2.150459438562393188e-01,-9.167482256889343262e-01,1.140798449516296387e+00,-9.642404913902282715e-01,-2.580013751983642578e+00,1.350343465805053711e+00,-1.494679808616638184e+00,-1.319162487983703613e+00,2.073582410812377930e+00,1.630444169044494629e+00,-1.911984384059906006e-01,-8.751930594444274902e-01,-2.901220321655273438e-01,1.308666825294494629e+00,2.407984972000122070e+00,-9.446693658828735352e-01,1.077429890632629395e+00,6.854368448257446289e-01,4.239598810672760010e-01,-8.844488859176635742e-01,1.631070256233215332e+00,2.753099501132965088e-01,9.761911630630493164e-01,1.238624453544616699e+00,-8.967609405517578125e-01,7.684839963912963867e-01,-7.450244575738906860e-02,1.470638632774353027e+00,2.917610704898834229e-01,5.813615918159484863e-01,-7.696952223777770996e-01,-8.285247087478637695e-01,2.344582974910736084e-01,8.234530687332153320e-01,4.481915384531021118e-02,-6.495178341865539551e-01,9.235168099403381348e-01,5.170838162302970886e-02,1.457890748977661133e+00,1.906699091196060181e-01,-1.145687222480773926e+00,1.162055492401123047e+00,6.539779901504516602e-01,-1.814041614532470703e+00,1.630133152008056641e+00,-1.956362128257751465e-01,-1.788754910230636597e-01,4.540312886238098145e-01,-3.282376229763031006e-01,-1.029898881912231445e+00,4.300094842910766602e-01,-3.725978136062622070e-01,6.255053877830505371e-01,1.087858676910400391e+00,8.024832010269165039e-01,-9.109051227569580078e-01,1.426938176155090332e+00,-1.840930223464965820e+00,9.360029101371765137e-01,8.078461289405822754e-01,1.364264339208602905e-01,-1.460170984268188477e+00,-7.648170590400695801e-01,3.151345849037170410e-01,5.266805887222290039e-01,1.120545119047164917e-01,-9.131199866533279419e-02,-1.214953809976577759e-01,-9.412501454353332520e-01,-2.089333534240722656e+00,-1.329220056533813477e+00,1.270922869443893433e-01,1.983765959739685059e-01,1.897929430007934570e+00,7.141187191009521484e-01,4.802752137184143066e-01,1.408353209495544434e+00,-5.741060376167297363e-01,-9.886350482702255249e-02,2.690064162015914917e-02,5.315062999725341797e-01,5.593678355216979980e-01,7.825767993927001953e-01,5.960366874933242798e-02,1.252934336662292480e+00,-1.706612855195999146e-01,7.125948667526245117e-01,-8.025075197219848633e-01,-1.689504832029342651e-01,-1.676467299461364746e+00,2.460337802767753601e-02,8.780639767646789551e-01,-1.340747922658920288e-01
-2.971738763153553009e-02,1.452839016914367676e+00,-2.741647958755493164e-01,1.844611525535583496e+00,-1.603923439979553223e-01,-4.632932841777801514e-01,5.653172135353088379e-01,-2.286467552185058594e+00,1.657898128032684326e-01,-8.766589760780334473e-01,9.461033940315246582e-01,-1.089715480804443359e+00,1.094391107559204102e+00,4.527269601821899414e-01,-6.561886519193649292e-02,-1.452368378639221191e+00,3.438824415206909180e-01,-1.941250562667846680e-01,-2.140910327434539795e-01,-7.276915013790130615e-02,4.929232299327850342e-01,-7.488863468170166016e-01,3.802807033061981201e-01,1.074145197868347168e+00,6.503486037254333496e-01,1.382627487182617188e-01,1.312355995178222656e+00,4.249324500560760498e-01,-6.758137941360473633e-01,-1.197788953781127930e+00,8.924241364002227783e-02,-3.097544610500335693e-01,-6.545360088348388672e-01,4.584905207157135010e-01,1.635055422782897949e+00,-9.308537840843200684e-01,1.253014057874679565e-01,1.109903216361999512e+00,2.269328832626342773e-01,7.219626903533935547e-01,6.379409134387969971e-02,-3.956689536571502686e-01,-2.616986334323883057e-01,1.302825570106506348e+00,5.380764603614807129e-01,-4.495908319950103760e-02,8.286271095275878906e-01,-4.717006385326385498e-01,1.342590246349573135e-02,-1.269651353359222412e-01,5.800732970237731934e-01,9.350506663322448730e-01,7.947611808776855469e-01,7.215883731842041016e-01,-6.068692728877067566e-02,-2.978250086307525635e-01,1.357742071151733398e+00,-4.521361589431762695e-01,-1.678257942199707031e+00,-1.053520083427429199e+00,1.120948672294616699e+00,3.195132613182067871e-01,8.847685158252716064e-02,-1.601365327835083008e+00,-2.858537733554840088e-01,-8.155270218849182129e-01,-1.591882109642028809e-01,8.887225985527038574e-01,-3.358246758580207825e-02,1.359684616327285767e-01,4.010600447654724121e-01,1.001046419143676758e+00,-1.897267580032348633e+00,7.220178097486495972e-02,7.040835022926330566e-01,2.019599199295043945e+00,-3.905723094940185547e-01,-6.285315155982971191e-01,-9.585547447204589844e-01,2.566859312355518341e-02,1.674650192260742188e+00,1.639528155326843262e+00,3.980451524257659912e-01,-2.943240702152252197e-01,1.855839729309082031e+00,-3.922771811485290527e-01,-9.323287606239318848e-01,1.285271644592285156e+00,-1.952011823654174805e+00,-3.340117633342742920e-01,6.719076540321111679e-03,9.972679615020751953e-01,-1.265194177627563477e+00,-1.539702773094177246e+00,-2.055354863405227661e-01,3.872520923614501953e-01,-1.536532044410705566e+00,-5.584454536437988281e-01,-6.087694317102432251e-02,-6.636647582054138184e-01,5.932713150978088379e-01,1.274609804153442383e+00,1.262747406959533691e+00,-8.262401819229125977e-01,-1.419848799705505371e+00,-6.490412354469299316e-01,1.145565152168273926e+00,-1.218130230903625488e+00,-4.541181325912475586e-01,6.075016856193542480e-01,1.057726610451936722e-02,1.815793395042419434e+00,-3.426519930362701416e-01,-4.553413391113281250e-01,-1.037208318710327148e+00,-1.598852992057800293e+00,9.166680574417114258e-01,1.016892075538635254e+00,-2.155423402786254883e+00,-1.036219358444213867e+00,-1.547197103500366211e+00,1.092697739601135254e+00,3.808653354644775391e-01,3.057023584842681885e-01,6.463608145713806152e-01,-1.442077010869979858e-01,-1.449309825897216797e+00,-5.899187922477722168e-01,-3.410082757472991943e-01,-1.063372492790222168e+00,-3.163267076015472412e-01,9.755111336708068848e-01,-5.771918892860412598e-01,-1.093236804008483887e+00,-8.198595046997070312e-01,-7.083494663238525391e-01,-3.100542128086090088e-01,-6.051631569862365723e-01,-4.897916913032531738e-01,-2.205397039651870728e-01,1.045846462249755859e+00,4.315013587474822998e-01,-1.594076752662658691e-01,9.919634461402893066e-01,1.281918436288833618e-01,-3.040057718753814697e-01,1.931324362754821777e+00,-7.174785137176513672e-01,3.293949067592620850e-01,-7.119078636169433594e-01,-1.501867532730102539e+00,-7.818202972412109375e-01,4.104387760162353516e-01,-1.493557333946228027e+00,-4.530253410339355469e-01,-2.166666537523269653e-01,-7.926050424575805664e-01,-1.080344080924987793e+00,-1.389556050300598145e+00,-1.166029810905456543e+00,1.375734806060791016e+00,2.005064487457275391e-01,-8.315361142158508301e-01,2.246028900146484375e+00,-2.522397935390472412e-01,-2.779901325702667236e-01,-1.284816265106201172e-01,4.664316773414611816e-01,-1.532950162887573242e+00,5.694974660873413086e-01,8.269991278648376465e-01,-3.873158097267150879e-01,4.070545434951782227e-01,-8.063926100730895996e-01,-2.088793039321899414e+00,6.256944537162780762e-01,1.333071231842041016e+00,-4.228413105010986328e-01,-1.139609143137931824e-01,-3.032749593257904053e-01,-2.702507376670837402e-01,-7.452381849288940430e-01,1.136508822441101074e+00,-1.756208181381225586e+00,-1.243159532546997070e+00,2.362584620714187622e-01,-1.117533445358276367e+00,-1.240059018135070801e+00,-1.336055159568786621e+00,-4.103159606456756592e-01,-2.291433215141296387e-01,-3.234075903892517090e-01,1.083152890205383301e+00,3.306459188461303711e-01,3.635138869285583496e-01,-3.198228836059570312e+00,8.332219719886779785e-02,-8.432127833366394043e-01,1.049557030200958252e-01,9.528992176055908203e-01
-1.286803841590881348e+00,4.776285886764526367e-01,-8.273808956146240234e-01,-6.443908214569091797e-01,3.510575890541076660e-01,-1.016004681587219238e-01,-6.457120180130004883e-02,4.103318154811859131e-01,-2.120353460311889648e+00,-3.783212006092071533e-01,1.172534823417663574e+00,-3.709798753261566162e-01,-4.620934724807739258e-01,-9.891039133071899414e-01,-9.457149505615234375e-01,-3.375944793224334717e-01,6.675262451171875000e-01,2.982595562934875488e-01,-1.429820060729980469e+00,9.440846443176269531e-01,-2.073362112045288086e+00,6.270993947982788086e-01,-6.592094302177429199e-01,-6.225766539573669434e-01,8.649672269821166992e-01,1.172298416495323181e-01,-2.190931290388107300e-01,-1.113524913787841797e+00,-2.185609787702560425e-01,-7.943657636642456055e-01,-1.237394690513610840e+00,8.613531589508056641e-01,8.144377917051315308e-02,8.686270713806152344e-01,1.452411174774169922e+00,1.467295408248901367e+00,-6.810426115989685059e-01,1.397608816623687744e-01,-8.582777380943298340e-01,1.102623462677001953e+00,-1.147727847099304199e+00,2.054449319839477539e+00,4.256519079208374023e-01,6.359416246414184570e-01,1.113209366798400879e+00,-9.151161909103393555e-01,2.679095603525638580e-02,-1.278210639953613281e+00,-1.554192304611206055e+00,6.336991786956787109e-01,-5.325417518615722656e-01,-8.007298111915588379e-01,3.004687130451202393e-01,1.009421110153198242e+00,-1.120454192161560059e+00,8.957524895668029785e-01,1.457643628120422363e+00,7.342637181282043457e-01,-3.201737403869628906e-01,-1.129537701606750488e+00,-2.260280609130859375e+00,1.729451656341552734e+00,8.960580825805664062e-02,2.263111352920532227e+00,-1.164579465985298157e-01,-1.394779920578002930e+00,1.118055224418640137e+00,1.385043114423751831e-01,1.673653960227966309e+00,-1.454765200614929199e-01,-1.044760227203369141e+00,-2.935384213924407959e-01,-6.455398797988891602e-01,-1.615996837615966797e+00,6.317499279975891113e-01,6.537054181098937988e-01,1.895146071910858154e-01,9.616008996963500977e-01,1.041839003562927246e+00,-1.517599821090698242e-01,-2.026004552841186523e+00,1.375284940004348755e-01,2.002867937088012695e+00,4.622752368450164795e-01,8.104601502418518066e-01,-1.288922548294067383e+00,-7.871620655059814453e-01,1.756557077169418335e-01,-7.247003912925720215e-01,7.286211848258972168e-01,-2.995773553848266602e-01,9.409695267677307129e-01,-3.996095359325408936e-01,5.337872505187988281e-01,2.487181872129440308e-01,4.802408516407012939e-01,-1.448764204978942871e+00,-1.464720666408538818e-01,-4.517441615462303162e-02,-2.694668173789978027e-01,-7.662082314491271973e-01,1.096475839614868164e+00,-8.035912513732910156e-01,7.279554009437561035e-01,3.483099117875099182e-02,4.491873085498809814e-01,-7.868251800537109375e-01,-1.273075938224792480e-01,-1.155502676963806152e+00,9.945096969604492188e-01,-1.134072318673133850e-01,1.502612352371215820e+00,7.937301397323608398e-01,7.356326580047607422e-01,4.436457753181457520e-01,1.093811750411987305e+00,-2.332261085510253906e+00,-8.043907284736633301e-01,8.513334989547729492e-01,1.172787845134735107e-01,-7.095203995704650879e-01,1.080882549285888672e+00,-1.522527575492858887e+00,-4.873023331165313721e-01,1.472793817520141602e+00,1.131628870964050293e+00,-9.626320004463195801e-02,-7.384468317031860352e-01,1.196993350982666016e+00,-1.325397491455078125e+00,-2.601171255111694336e+00,-1.594778656959533691e+00,-6.448235511779785156e-01,6.376968622207641602e-01,-1.516509354114532471e-01,2.669680356979370117e+00,-7.793484330177307129e-01,-1.517672181129455566e+00,-1.134461641311645508e+00,3.202463388442993164e-01,9.018188118934631348e-01,6.412941813468933105e-01,-2.547115087509155273e-01,-6.230089068412780762e-01,2.324869483709335327e-01,-1.197518587112426758e+00,2.455742806196212769e-01,-6.902796030044555664e-01,-2.278346270322799683e-01,-7.522522211074829102e-01,-4.842618405818939209e-01,7.124372720718383789e-01,1.886678934097290039e-01,1.420654177665710449e+00,-1.092941612005233765e-01,2.336932659149169922e+00,-9.016321301460266113e-01,1.413065671920776367e+00,-8.346675634384155273e-01,4.301937222480773926e-01,8.187175989151000977e-01,8.874253034591674805e-01,4.090398848056793213e-01,1.192023396492004395e+00,5.193905830383300781e-01,-6.484600305557250977e-01,-6.829593181610107422e-01,1.612764716148376465e+00,-6.061934828758239746e-01,-1.450515836477279663e-01,-1.917522668838500977e+00,-1.358133554458618164e+00,9.314320683479309082e-01,9.026671648025512695e-01,2.755223035812377930e+00,1.695900261402130127e-01,7.937884926795959473e-01,-1.473460435867309570e+00,-7.524847984313964844e-01,6.906649470329284668e-01,9.303345680236816406e-01,6.526273488998413086e-01,4.846210479736328125e-01,-4.072887003421783447e-01,3.509067595005035400e-01,2.414383180439472198e-02,2.400062382221221924e-01,-1.843722581863403320e+00,-2.537628173828125000e+00,-4.564845561981201172e-01,-1.031977415084838867e+00,3.578203916549682617e-01,2.766931653022766113e-01,-2.870483100414276123e-01,-7.431916147470474243e-02,-1.861397624015808105e-01,-9.406414628028869629e-01,5.342475771903991699e-01,-7.821705937385559082e-01,4.034078717231750488e-01
-5.096876621246337891e-01,-1.880362272262573242e+00,1.520078331232070923e-01,7.924125790596008301e-01,1.588250875473022461e+00,-3.269217014312744141e-01,-8.086954355239868164e-01,3.408760726451873779e-01,4.455967247486114502e-01,1.549214482307434082e+00,-2.247127294540405273e+00,6.776082515716552734e-01,-4.059824645519256592e-01,1.623712301254272461e+00,1.521525740623474121e+00,1.229752421379089355e+00,-9.134871959686279297e-01,5.351212620735168457e-02,6.242401003837585449e-01,4.763768017292022705e-01,2.228191852569580078e+00,-4.985764622688293457e-01,-9.917451143264770508e-01,-1.263188600540161133e+00,-2.803813219070434570e+00,-5.339472293853759766e-01,-8.957879543304443359e-01,-4.907214343547821045e-01,8.101385235786437988e-01,2.004378587007522583e-01,-7.032356262207031250e-01,-3.464894592761993408e-01,-1.041698575019836426e+00,-2.741269469261169434e-01,4.882122278213500977e-01,-9.968656897544860840e-01,-1.326022148132324219e+00,-1.336247920989990234e+00,-3.955451846122741699e-01,1.154669374227523804e-01,2.682022750377655029e-02,-7.815480232238769531e-01,3.951897919178009033e-01,2.657252848148345947e-01,-5.489730238914489746e-01,-3.986097276210784912e-01,1.150282382965087891e+00,-1.218571186065673828e+00,-5.729596614837646484e-01,-1.056877732276916504e+00,-1.314257740974426270e+00,1.348710358142852783e-01,4.761440455913543701e-01,2.301024436950683594e+00,-1.883897334337234497e-01,2.314914464950561523e-01,-9.261479973793029785e-01,8.807350397109985352e-01,-1.338023900985717773e+00,-8.161498606204986572e-02,-7.039666175842285156e-01,-4.223613142967224121e-01,1.202975735068321228e-01,6.858060359954833984e-01,-2.457230389118194580e-01,3.443748652935028076e-01,-9.059643745422363281e-01,-7.450752854347229004e-01,4.557002782821655273e-01,3.586380183696746826e-01,3.885570168495178223e-01,-3.573041260242462158e-01,3.860283270478248596e-02,-8.579354286193847656e-01,6.005350947380065918e-01,5.583329796791076660e-01,-1.177654743194580078e+00,8.653361201286315918e-01,7.521667480468750000e-01,3.005284965038299561e-01,1.413206458091735840e+00,-3.870624601840972900e-01,1.004920974373817444e-01,7.401323914527893066e-01,8.507884740829467773e-01,5.410119891166687012e-01,8.349803090095520020e-02,-6.291959285736083984e-01,3.574333786964416504e-01,8.338893055915832520e-01,-7.183411717414855957e-01,-8.517319560050964355e-01,7.349789142608642578e-01,-1.396848559379577637e-01,2.729106880724430084e-02,8.392431735992431641e-01,4.019256830215454102e-01,-8.886932730674743652e-01,8.406165242195129395e-01,8.239551186561584473e-01,1.661462783813476562e+00,-1.522897124290466309e+00,2.887915372848510742e-01,-1.053612709045410156e+00,-8.722965717315673828e-01,1.725691080093383789e+00,-5.987733006477355957e-01,1.362726986408233643e-01,1.977084726095199585e-01,-7.650080919265747070e-01,6.817991137504577637e-01,-3.789114058017730713e-01,-1.289320468902587891e+00,-2.193604707717895508e-01,5.433984398841857910e-01,8.129224181175231934e-01,8.478478193283081055e-01,-5.427198410034179688e-01,-1.037211865186691284e-01,1.268731951713562012e+00,-6.712357997894287109e-01,2.446817755699157715e-01,-8.505243062973022461e-01,1.138508200645446777e+00,-9.490330219268798828e-01,-1.865070462226867676e-01,-3.011167049407958984e-01,8.204097747802734375e-01,7.667645812034606934e-01,-6.349771022796630859e-01,7.734588384628295898e-01,-7.726021856069564819e-02,-1.301020383834838867e+00,2.097668200731277466e-01,3.393291532993316650e-01,3.850857317447662354e-01,-1.059388875961303711e+00,-9.338442981243133545e-02,-1.091546177864074707e+00,8.031288981437683105e-01,-4.984658062458038330e-01,-1.303935766220092773e+00,-1.659559130668640137e+00,-3.014215230941772461e-01,-1.113492608070373535e+00,8.730205893516540527e-02,-4.620972573757171631e-01,6.472302675247192383e-01,-3.690379485487937927e-02,6.898530721664428711e-01,4.426616430282592773e-01,-5.753945708274841309e-01,3.397025167942047119e-01,1.021446883678436279e-01,1.329704165458679199e+00,-1.336676001548767090e+00,-1.364396691322326660e+00,3.538441658020019531e-01,3.162361681461334229e-01,3.757331371307373047e-01,1.979636996984481812e-01,-4.155432283878326416e-01,4.547306299209594727e-01,-1.326625347137451172e+00,-2.426548004150390625e-01,1.320576906204223633e+00,4.295133650302886963e-01,5.026091933250427246e-01,-2.744255959987640381e-01,-8.414684981107711792e-02,-8.007843494415283203e-01,-2.824562489986419678e-01,-1.221348762512207031e+00,-1.599416017532348633e+00,-2.082390636205673218e-01,2.038519531488418579e-01,-1.543850064277648926e+00,-2.416657656431198120e-02,9.937143921852111816e-01,9.053519964218139648e-01,2.112699031829833984e+00,3.293418586254119873e-01,-1.614627242088317871e-01,-1.028845191001892090e+00,-5.704738497734069824e-01,6.027299761772155762e-01,2.235653549432754517e-01,1.001520872116088867e+00,-1.827150344848632812e+00,-1.045783996582031250e+00,-4.066255092620849609e-01,6.403253674507141113e-01,-1.109140753746032715e+00,-6.952102184295654297e-01,5.006284117698669434e-01,-1.505042314529418945e+00,1.196999430656433105e+00,-3.947700560092926025e-01,-5.411856770515441895e-01,1.425623774528503418e+00
7.568544149398803711e-02,-9.728032350540161133e-01,3.405342102050781250e-01,-3.255187273025512695e+00,-5.965374708175659180e-01,8.512163907289505005e-02,-8.832591176033020020e-01,-1.330107331275939941e+00,-1.360564120113849640e-02,6.883548945188522339e-02,1.697326660156250000e+00,2.277131557464599609e+00,1.133583188056945801e+00,5.705692172050476074e-01,-4.635126292705535889e-01,-3.622582554817199707e-01,1.757612705230712891e+00,5.100749731063842773e-01,7.279595136642456055e-01,-9.280682802200317383e-01,6.318462491035461426e-01,3.430957198143005371e-01,5.477526187896728516e-01,1.603298068046569824e+00,-3.961537778377532959e-01,-4.889717102050781250e-01,-1.536288738250732422e+00,5.199043750762939453e-01,-1.042264819145202637e+00,-1.041178852319717407e-01,-8.311421871185302734e-01,-7.030521631240844727e-01,-1.505262255668640137e+00,-4.372041225433349609e-01,1.120232820510864258e+00,9.844106435775756836e-01,5.356042385101318359e-01,1.353502988815307617e+00,2.466243803501129150e-01,-8.512252569198608398e-02,-1.576701879501342773e+00,-9.372269511222839355e-01,-1.583520054817199707e+00,-6.383132934570312500e-01,-1.374111294746398926e+00,8.731109499931335449e-01,1.293384432792663574e+00,-9.328148365020751953e-01,2.449185997247695923e-01,3.899159431457519531e-01,3.826124370098114014e-01,-1.819605827331542969e-01,7.643130421638488770e-01,-3.939513266086578369e-01,-1.641157150268554688e+00,-9.013426899909973145e-01,1.081418752670288086e+00,2.080456763505935669e-01,-6.674742698669433594e-01,-6.042370796203613281e-01,-2.287461280822753906e+00,6.066871285438537598e-01,5.586485862731933594e-01,4.501147568225860596e-01,8.305728435516357422e-01,3.237974643707275391e-01,2.561984062194824219e-01,5.010106563568115234e-01,3.631265759468078613e-01,1.211940720677375793e-01,-8.120280504226684570e-01,-7.754584550857543945e-01,1.324283719062805176e+00,1.814178943634033203e+00,-4.145229756832122803e-01,-9.791219979524612427e-02,-6.275705695152282715e-01,-8.243262022733688354e-02,1.842331767082214355e+00,-1.029077172279357910e+00,-4.434912204742431641e-01,-6.148143410682678223e-01,9.515286684036254883e-01,2.897003293037414551e-01,8.078187704086303711e-01,-9.785678386688232422e-01,1.200408935546875000e+00,-8.324405550956726074e-01,-1.494425982236862183e-01,-2.639639377593994141e+00,3.107767701148986816e-01,-5.815503597259521484e-01,-3.093378782272338867e+00,-8.828115463256835938e-01,5.878875255584716797e-01,1.418222308158874512e+00,-3.308068588376045227e-02,1.332388162612915039e+00,2.524709999561309814e-01,-1.372782588005065918e+00,1.723486483097076416e-01,-1.374356269836425781e+00,2.864021956920623779e-01,-9.693734347820281982e-02,-5.512185022234916687e-02,-1.118868216872215271e-01,-3.627518415451049805e-01,2.123421132564544678e-01,-5.891140103340148926e-01,-8.859518170356750488e-01,5.036374330520629883e-01,3.486862182617187500e-01,6.170465350151062012e-01,8.595902919769287109e-01,7.156952619552612305e-01,7.171365618705749512e-01,-7.492045164108276367e-01,-7.095040678977966309e-01,7.921919226646423340e-02,-3.283589184284210205e-01,-2.086872309446334839e-01,-5.801710486412048340e-01,-8.339104652404785156e-01,1.049839138984680176e+00,-1.755385100841522217e-02,-6.926516890525817871e-01,5.018741488456726074e-01,1.416082233190536499e-01,-7.831952571868896484e-01,2.687203645706176758e+00,7.401167154312133789e-01,-8.981016464531421661e-03,-6.941714286804199219e-01,1.115963339805603027e+00,-7.273252606391906738e-01,-1.507123589515686035e+00,9.629548192024230957e-01,-1.109630227088928223e+00,-1.088869690895080566e+00,-4.948262572288513184e-01,-1.372988104820251465e+00,-1.038920164108276367e+00,-1.093649148941040039e+00,-7.825708389282226562e-01,-1.663158088922500610e-01,-2.229081466794013977e-02,1.747778058052062988e+00,-1.149555921554565430e+00,1.438781499862670898e+00,2.990533597767353058e-02,-1.582434654235839844e+00,4.008918106555938721e-01,3.696363866329193115e-01,-1.172276973724365234e+00,8.504658341407775879e-01,6.240730285644531250e-01,1.721435785293579102e+00,3.893009126186370850e-01,4.565239250659942627e-01,-1.585064530372619629e-01,-8.225902318954467773e-01,-2.962150871753692627e-01,-1.569231390953063965e+00,-1.886014699935913086e+00,-8.175508975982666016e-01,6.794679909944534302e-02,7.397352457046508789e-01,-2.941892445087432861e-01,-6.813173294067382812e-01,-9.738052636384963989e-02,-1.089566826820373535e+00,1.495187401771545410e+00,4.481762349605560303e-01,-2.359864860773086548e-01,-6.889417767524719238e-01,-4.598998129367828369e-01,-5.510211735963821411e-02,7.879332304000854492e-01,5.453917980194091797e-01,1.696325838565826416e-01,-7.843714952468872070e-01,8.483475446701049805e-02,1.640414714813232422e+00,1.273692026734352112e-02,4.217177927494049072e-01,-2.027043581008911133e+00,-1.302969098091125488e+00,-4.827142357826232910e-01,-1.620098762214183807e-02,1.546579718589782715e+00,1.066974043846130371e+00,3.648097217082977295e-01,-6.503227353096008301e-01,-9.923174381256103516e-01,-3.057748973369598389e-01,-3.619413077831268311e-01,-1.000937372446060181e-01,1.600794121623039246e-02,1.008285641670227051e+00,-9.165688753128051758e-01
6.417403221130371094e-01,-1.842118978500366211e+00,9.166300892829895020e-01,-1.412039160728454590e+00,1.531308054924011230e+00,6.707587242126464844e-01,1.652387022972106934e+00,7.524827122688293457e-01,1.007919311523437500e+00,-4.905246198177337646e-01,1.678774952888488770e+00,9.945792555809020996e-01,-8.984610438346862793e-01,-5.676140189170837402e-01,-3.594726920127868652e-01,7.671603560447692871e-02,-4.466602504253387451e-01,-1.400226950645446777e+00,-6.846287250518798828e-01,1.298617124557495117e+00,4.580790996551513672e-01,1.782932162284851074e+00,-2.642017126083374023e+00,-2.823278903961181641e-01,-4.181015193462371826e-01,7.525421380996704102e-01,-5.140896439552307129e-01,1.887925744056701660e+00,-5.369086861610412598e-01,3.491682112216949463e-01,-1.324773311614990234e+00,6.695320010185241699e-01,1.325897812843322754e+00,4.404840767383575439e-01,7.564312815666198730e-01,-8.237947225570678711e-01,-7.867071032524108887e-01,1.871598839759826660e+00,-3.057319521903991699e-01,-9.412372112274169922e-01,3.623237311840057373e-01,4.763712733983993530e-02,7.414538264274597168e-01,8.624006509780883789e-01,9.468854069709777832e-01,5.280563831329345703e-01,8.570725321769714355e-01,1.252713084220886230e+00,4.669606685638427734e-01,-1.396732568740844727e+00,-1.687408089637756348e+00,2.466557502746582031e+00,-1.590083837509155273e+00,1.436789184808731079e-01,-1.442324221134185791e-01,-2.028829306364059448e-01,-7.369156479835510254e-01,7.455424666404724121e-01,-6.957076191902160645e-01,3.681392371654510498e-01,-7.426035404205322266e-02,1.104871153831481934e+00,2.077096998691558838e-01,4.940643608570098877e-01,-1.543656349182128906e+00,6.041362285614013672e-01,8.101701736450195312e-02,6.482462286949157715e-01,-2.131467163562774658e-01,-1.734852045774459839e-01,-6.940900683403015137e-01,1.088873028755187988e+00,-1.054939985275268555e+00,1.437892615795135498e-01,1.299331545829772949e+00,-1.172904968261718750e+00,8.969592452049255371e-01,3.560849651694297791e-02,1.118626236915588379e+00,8.217393755912780762e-01,-2.777593024075031281e-02,2.448373138904571533e-01,8.669774532318115234e-01,-3.692967817187309265e-02,-1.807241082191467285e+00,-4.932413101196289062e-01,2.000549316406250000e+00,7.708657979965209961e-01,3.801193833351135254e-01,-1.074707627296447754e+00,-9.996093511581420898e-01,-2.062098979949951172e+00,-9.077888727188110352e-01,-1.005461573600769043e+00,-1.517790913581848145e+00,-2.152079820632934570e+00,1.723867416381835938e+00,-3.672786653041839600e-01,-1.880756020545959473e+00,-1.262198328971862793e+00,-4.200003743171691895e-01,1.626988768577575684e+00,-2.291683703660964966e-01,-4.111313447356224060e-02,7.407182455062866211e-01,4.575546681880950928e-01,-4.595516324043273926e-01,3.692117631435394287e-01,-6.116493940353393555e-01,1.888479471206665039e+00,-2.067906618118286133e+00,8.021201491355895996e-01,5.940440297126770020e-01,2.089244872331619263e-01,-3.774040937423706055e-01,1.038755893707275391e+00,-7.833079248666763306e-02,-1.025919914245605469e+00,-1.956745147705078125e+00,-5.320782065391540527e-01,-1.383930206298828125e+00,-4.472836479544639587e-02,2.416620701551437378e-01,1.344697594642639160e+00,2.523931980133056641e+00,-1.002507925033569336e+00,-1.261278688907623291e-01,-1.083834767341613770e+00,6.145271062850952148e-01,-3.319424018263816833e-02,-3.823478519916534424e-01,-1.989311724901199341e-01,2.155533075332641602e+00,5.669608712196350098e-01,7.997440695762634277e-01,1.145321726799011230e+00,6.631920933723449707e-01,7.370011210441589355e-01,2.883387565612792969e+00,1.838617026805877686e-01,-4.737500548362731934e-01,7.857695966958999634e-02,-1.282992959022521973e-01,-8.672153949737548828e-01,-3.606002330780029297e-01,3.097531795501708984e+00,2.449575364589691162e-01,-1.344361603260040283e-01,-9.999639391899108887e-01,-2.071267180144786835e-02,2.060892730951309204e-01,-9.842026233673095703e-02,2.087080717086791992e+00,-9.067921638488769531e-01,8.078917264938354492e-01,7.122878432273864746e-01,4.575161635875701904e-02,-6.099441647529602051e-01,-1.509344428777694702e-01,-2.901214122772216797e+00,-2.495685368776321411e-01,-2.332879304885864258e+00,2.507316768169403076e-01,5.091989636421203613e-01,7.875276803970336914e-01,3.063044250011444092e-01,5.362167358398437500e-01,-9.973557293415069580e-02,-4.158418178558349609e-01,-1.838506013154983521e-01,-4.061307907104492188e-01,1.380822181701660156e+00,-6.732783317565917969e-01,-1.375239342451095581e-01,5.325000882148742676e-01,-1.866644024848937988e+00,3.655675053596496582e-01,-1.627524495124816895e+00,-2.695626258850097656e+00,-1.170296594500541687e-01,-4.621232300996780396e-02,-8.383219838142395020e-01,9.750478863716125488e-01,6.088570952415466309e-01,-5.162199735641479492e-01,1.275246262550354004e+00,9.038510173559188843e-02,-1.416714429855346680e+00,1.121201395988464355e+00,7.763344794511795044e-02,-5.178051590919494629e-01,8.900629878044128418e-01,-4.799687266349792480e-01,-1.072941780090332031e+00,-8.179340958595275879e-01,-3.452931046485900879e-01,-6.753995418548583984e-01,-1.720336079597473145e+00,3.216290712356567383e+00,-1.909909605979919434e+00
3.421533405780792236e-01,6.538557410240173340e-01,-5.115930736064910889e-02,7.404308319091796875e-01,1.775077283382415771e-01,-5.243638753890991211e-01,8.602262735366821289e-01,7.408919334411621094e-01,-5.966522097587585449e-01,-8.371464014053344727e-01,1.525571107864379883e+00,3.598571419715881348e-01,5.480878353118896484e-01,1.486154794692993164e+00,-1.457435607910156250e+00,-1.027882993221282959e-01,7.930732965469360352e-01,1.633135318756103516e+00,-1.706445217132568359e+00,-2.819062024354934692e-02,-3.271737098693847656e-01,5.614883899688720703e-01,2.393452525138854980e-01,2.643042802810668945e-01,4.049312770366668701e-01,-1.905707716941833496e-01,1.000252366065979004e+00,8.697202801704406738e-01,6.962088346481323242e-01,6.264727711677551270e-01,-2.921023368835449219e-01,8.210255503654479980e-01,-9.452803134918212891e-01,1.360623121261596680e+00,-3.956614136695861816e-01,-7.240526080131530762e-01,5.533632636070251465e-01,2.484759315848350525e-02,-1.345414996147155762e+00,8.584920167922973633e-01,3.114269673824310303e-01,8.056255578994750977e-01,-1.682435721158981323e-02,-2.026144415140151978e-01,1.555020064115524292e-01,5.607973933219909668e-01,1.609707832336425781e+00,2.710871994495391846e-01,1.670765042304992676e+00,7.572979331016540527e-01,1.531058907508850098e+00,-1.304419517517089844e+00,6.305531859397888184e-01,-7.223102450370788574e-01,9.695985317230224609e-01,-3.872205615043640137e-01,6.766204535961151123e-02,1.039785504341125488e+00,-4.472194015979766846e-01,1.362676918506622314e-01,-1.325640797615051270e+00,-4.987529218196868896e-01,2.076505422592163086e+00,9.627987742424011230e-01,1.347065687179565430e+00,-2.415492683649063110e-01,1.162613034248352051e+00,-1.053867578506469727e+00,1.123714566230773926e+00,6.884936094284057617e-01,-6.683072447776794434e-01,-8.144929409027099609e-01,-7.215230464935302734e-01,7.242218255996704102e-01,6.243214011192321777e-01,-1.161567330360412598e+00,4.759417474269866943e-01,-1.228619933128356934e+00,-1.591333270072937012e+00,-7.146611064672470093e-02,2.939943313598632812e+00,-2.062672972679138184e-01,9.675223231315612793e-01,7.392029762268066406e-01,3.648890256881713867e-01,-8.261293172836303711e-01,-4.173855781555175781e-01,5.281744003295898438e-01,3.378059864044189453e-01,-3.721771240234375000e-01,-3.599393963813781738e-01,2.611740529537200928e-01,6.344778537750244141e-01,3.089374899864196777e-01,1.218186497688293457e+00,-1.564239263534545898e-01,1.357258260250091553e-01,5.870984792709350586e-01,-8.702233433723449707e-01,-3.947443962097167969e-01,-2.537278234958648682e-01,-2.012275606393814087e-01,-1.168575763702392578e+00,-9.673013091087341309e-01,7.023329138755798340e-01,1.215874075889587402e+00,-2.007415533065795898e+00,9.804350733757019043e-01,4.285564646124839783e-02,5.528091788291931152e-01,2.227888584136962891e+00,-1.727068424224853516e-01,-1.929502010345458984e+00,-8.718321323394775391e-01,-6.536584496498107910e-01,4.091220498085021973e-01,8.214674592018127441e-01,5.394603610038757324e-01,1.391292810440063477e+00,-9.722501039505004883e-02,-8.354604244232177734e-01,7.473865151405334473e-02,1.040374875068664551e+00,2.123150348663330078e+00,-1.602329134941101074e+00,3.460344672203063965e-01,4.584465026855468750e-01,5.708186626434326172e-01,-5.227116346359252930e-01,-9.027547240257263184e-01,1.192180812358856201e-02,1.233716130256652832e+00,-1.245481848716735840e+00,-1.816049665212631226e-01,1.673290371894836426e+00,1.210080742835998535e+00,1.126185894012451172e+00,-1.947974562644958496e-01,7.939604520797729492e-01,8.402314186096191406e-01,1.257572531700134277e+00,1.118633747100830078e+00,1.156119823455810547e+00,-1.947878487408161163e-02,8.891489505767822266e-01,-2.220579385757446289e+00,-8.218147158622741699e-01,1.223574280738830566e+00,2.143552541732788086e+00,5.184202194213867188e-01,-1.321925401687622070e+00,-5.131379365921020508e-01,-7.233088612556457520e-01,7.021698355674743652e-01,2.780426442623138428e-01,-6.387487053871154785e-01,9.199107438325881958e-02,-1.124549865722656250e+00,4.286673069000244141e-01,1.246247291564941406e+00,5.782312154769897461e-01,2.082709074020385742e+00,8.677567839622497559e-01,-8.374428153038024902e-01,-2.070092111825942993e-01,-3.890634477138519287e-01,-1.921775937080383301e+00,-9.692501425743103027e-01,1.046245574951171875e+00,-3.389987945556640625e-01,-2.106149792671203613e-01,-3.917072415351867676e-01,-1.391764998435974121e+00,1.047656536102294922e+00,3.514208272099494934e-02,8.895816206932067871e-01,1.111359238624572754e+00,-9.477267265319824219e-01,4.965364933013916016e-01,-5.831053853034973145e-01,-1.037004351615905762e+00,5.811417102813720703e-01,-1.909584164619445801e+00,-8.111531734466552734e-01,-1.206677913665771484e+00,-5.842395499348640442e-02,3.870024681091308594e-01,-2.348750680685043335e-01,7.116598486900329590e-01,-1.564384102821350098e-01,-2.517117261886596680e-01,7.703733444213867188e-01,3.780488669872283936e-02,-7.887859344482421875e-01,1.689195275306701660e+00,8.859909176826477051e-01,-1.699191093444824219e+00,-1.959829211235046387e+00,-1.818111658096313477e+00,1.317434459924697876e-01
9.543740749359130859e-02,5.991697907447814941e-01,-4.369027912616729736e-01,-9.621626734733581543e-01,-4.523744434118270874e-02,-7.188057899475097656e-01,1.134481132030487061e-01,4.100637882947921753e-02,-1.855829119682312012e+00,1.554702401161193848e+00,3.483341038227081299e-01,-4.521750211715698242e-01,-1.076586544513702393e-01,-1.412768363952636719e+00,6.117554903030395508e-01,2.819998860359191895e-01,4.095283150672912598e-01,7.183247804641723633e-01,8.192123770713806152e-01,1.534869551658630371e+00,1.577048182487487793e+00,-6.567941308021545410e-01,-1.590456843376159668e+00,1.074774980545043945e+00,-1.291412353515625000e+00,1.101239323616027832e+00,-3.569720089435577393e-01,-6.588214635848999023e-02,1.095031976699829102e+00,9.086807370185852051e-01,7.001183629035949707e-01,2.895040512084960938e-01,-3.668193221092224121e-01,6.610668301582336426e-01,1.587376713752746582e+00,4.131674766540527344e-01,4.321081936359405518e-01,1.386831998825073242e+00,-1.685962557792663574e+00,6.782239079475402832e-01,1.238851785659790039e+00,6.865321397781372070e-01,-3.642247756943106651e-03,4.411397874355316162e-01,-5.213884711265563965e-01,-9.597675204277038574e-01,-1.717488646507263184e+00,-7.438434958457946777e-01,-9.871135354042053223e-01,-1.017932146787643433e-01,8.217622041702270508e-01,-1.044073224067687988e+00,-2.570149302482604980e-01,4.267626702785491943e-01,-1.297358036041259766e+00,5.964216589927673340e-01,-3.929697442799806595e-03,3.947239220142364502e-01,6.943989992141723633e-01,4.884481728076934814e-01,-2.349350452423095703e+00,5.447841882705688477e-01,-5.148193836212158203e-01,1.858390212059020996e+00,-1.449615001678466797e+00,-1.419869899749755859e+00,8.041247725486755371e-01,-1.918310880661010742e+00,-2.548502683639526367e-01,1.413894891738891602e+00,1.777121782302856445e+00,-1.036962196230888367e-01,-1.348890185356140137e+00,2.269171923398971558e-01,-9.885669350624084473e-01,-1.950167417526245117e-01,9.527094364166259766e-01,6.418120265007019043e-01,-5.846485123038291931e-02,1.576765656471252441e+00,8.448870182037353516e-01,-9.106410145759582520e-01,5.434862971305847168e-01,-6.909453272819519043e-01,1.687850713729858398e+00,8.574523925781250000e-01,-3.157473504543304443e-01,-1.283551573753356934e+00,-1.333949089050292969e+00,-1.113499999046325684e+00,8.245947957038879395e-01,5.410739779472351074e-01,-5.327162146568298340e-01,-2.424295544624328613e-01,-1.354153752326965332e+00,-2.576174736022949219e-01,1.159450888633728027e+00,-8.143463134765625000e-01,-1.795652627944946289e+00,-7.148359417915344238e-01,-2.213204503059387207e-01,4.910854995250701904e-01,-1.046744436025619507e-01,3.045548200607299805e-01,-1.800954580307006836e+00,2.503754198551177979e-01,-9.123546481132507324e-01,-4.359051883220672607e-01,1.129948273301124573e-01,-6.917093396186828613e-01,1.801126718521118164e+00,7.126660645008087158e-02,-1.567769050598144531e+00,-1.639971137046813965e+00,-7.402283549308776855e-01,-3.187668044120073318e-03,-1.158184170722961426e+00,8.785438537597656250e-01,-3.829139471054077148e-01,1.329896330833435059e+00,1.272183775901794434e+00,-7.199633717536926270e-01,5.587799549102783203e-01,1.514479666948318481e-01,5.873467922210693359e-01,-1.204431176185607910e+00,-1.975385546684265137e+00,-1.116014480590820312e+00,-4.218713045120239258e-01,-1.255199193954467773e+00,1.011445164680480957e+00,-1.245429039001464844e+00,2.980056107044219971e-01,-1.140898942947387695e+00,4.400219023227691650e-02,-2.600678801536560059e-01,4.699499607086181641e-01,1.752791881561279297e+00,1.776932597160339355e+00,-1.997031927108764648e+00,-1.772556081414222717e-02,1.434596538543701172e+00,-4.704706370830535889e-01,5.911452174186706543e-01,3.335503041744232178e-01,-6.991817951202392578e-01,7.222794890403747559e-01,1.583991199731826782e-01,-2.488408833742141724e-01,-4.242812693119049072e-01,-4.398789405822753906e-01,6.346507072448730469e-01,-7.588499784469604492e-02,-1.265691518783569336e+00,4.448573663830757141e-02,4.860864952206611633e-02,-4.218716919422149658e-01,4.869428277015686035e-02,-4.533300995826721191e-01,4.675561785697937012e-01,9.469184875488281250e-01,1.104170322418212891e+00,1.499546021223068237e-01,1.344436407089233398e+00,1.897657394409179688e+00,-1.420444369316101074e+00,-1.268288969993591309e+00,1.199041843414306641e+00,-1.150045037269592285e+00,-8.302032351493835449e-01,-9.789510369300842285e-01,-1.556464582681655884e-01,2.246400862932205200e-01,-2.482288628816604614e-01,1.306143850088119507e-01,1.129772424697875977e+00,1.317891001701354980e+00,-6.516537070274353027e-01,1.135640382766723633e+00,-1.413196444511413574e+00,-7.512320280075073242e-01,8.327181339263916016e-01,1.510221242904663086e+00,1.552827563136816025e-02,2.270582467317581177e-01,-8.305615782737731934e-01,1.351594448089599609e+00,-6.307847499847412109e-01,5.037499666213989258e-01,-3.899755775928497314e-01,9.509141445159912109e-01,-2.858328819274902344e-01,-3.912858963012695312e-01,-2.650918997824192047e-02,-7.463274002075195312e-01,1.994883537292480469e+00,1.024082183837890625e+00,-4.464099109172821045e-01,-4.816126227378845215e-01,1.049175739288330078e+00
